Name	Completeness	Contamination	Strain_heterogeneity	Genome_size	Contig_N50	GC	Group
B_15_A_1.bin.02	63.73	0.46	0	2.78895	20.689	70.5	B_15
B_15_A_1.bin.03	79.56	0.97	50	3.177186	66.686	72.1	B_15
B_15_A_1.bin.04	94.19	0.46	25	4.145856	29.749	65	B_15
B_15_A_1.bin.05	99.75	0.1	0	5.556278	57.047	62.8	B_15
B_15_A_1.bin.06	99.88	3.22	10.71	9.644274	122.874	71.1	B_15
B_15_A_1.bin.07	100	0	0	4.465746	45.928	41.3	B_15
B_15_A_1.bin.08	97.74	2.7	0	4.787461	87.54	35.3	B_15
B_15_A_1.bin.09	69.61	0.86	0	2.855175	24.235	70.7	B_15
B_15_A_1.bin.10	58.45	6.56	66.67	2.664807	7.655	65	B_15
B_15_A_1.bin.11	82.09	2.1	25	3.19541	12.493	39	B_15
B_15_A_1.bin.13	62.5	6.21	21.95	2.759173	4.592	69.3	B_15
B_15_A_1.bin.15	99.97	0.5	0	4.687626	83.265	35.4	B_15
B_15_A_1.bin.16	89.82	1.89	66.67	3.110229	18.348	69.8	B_15
B_15_A_1.bin.17	70.31	3.29	50	2.545671	15.543	74.5	B_15
B_15_A_2.bin.01	81.46	7.22	60	3.77641	29.349	65	B_15
B_15_A_2.bin.02	94.54	2.14	0	5.803857	73.266	62.6	B_15
B_15_A_2.bin.03	94.56	0.6	66.67	6.779659	36.75	71.8	B_15
B_15_A_2.bin.04	70.99	1	0	3.336821	3.548	64	B_15
B_15_A_2.bin.05	72.13	1.57	71.43	2.811828	6.42	69.8	B_15
B_15_A_2.bin.06	78.3	9.11	10	3.915696	8.962	70.4	B_15
B_15_A_2.bin.07	81.14	2.3	16.67	3.40245	16.537	64.8	B_15
B_15_A_2.bin.08	90.13	1.46	0	4.752601	4.775	40.5	B_15
B_15_A_2.bin.10	72.07	1.58	0	2.781809	12.717	74.2	B_15
B_15_A_2.bin.11	78.17	4.92	50	8.329103	8.038	71.4	B_15
B_15_A_2.bin.12	87.53	0.01	0	4.742294	43.118	62.2	B_15
B_15_A_2.bin.13	100	2.83	0	5.614684	4.49	49.2	B_15
B_15_A_2.bin.14	100	1.75	5.56	5.364844	144.491	35.2	B_15
B_15_A_3.bin.02	82.93	0.57	100	3.114072	16.426	70	B_15
B_15_A_3.bin.03	73.06	3.73	80	3.286232	12.833	70.3	B_15
B_15_A_3.bin.04	76.42	3.9	100	3.499078	16.685	72.1	B_15
B_15_A_3.bin.05	99.99	0	0	4.431086	76.885	63.8	B_15
B_15_A_3.bin.06	60.46	3.57	85.71	2.51804	4.387	74.6	B_15
B_15_A_3.bin.07	100	0.74	5.88	5.885411	114.348	66.2	B_15
B_15_A_3.bin.08	100	0.8	0	4.788481	164.479	35.4	B_15
B_15_A_3.bin.09	92.96	0.01	100	5.120937	45.031	63	B_15
B_15_M_1.bin.01	98.78	0.25	5.26	3.694451	160.318	43.7	B_15
B_15_M_1.bin.02	60.26	7.66	62.5	2.897985	5.59	70.7	B_15
B_15_M_1.bin.03	79.96	2.9	0	4.397457	6.234	35.1	B_15
B_15_M_1.bin.04	95.96	0.49	25	5.912257	55.2	62.6	B_15
B_15_M_1.bin.05	95.22	0.95	20	6.346324	143.14	71.4	B_15
B_15_M_1.bin.06	82.59	3.97	100	3.228426	7.172	74.1	B_15
B_15_M_1.bin.07	86.56	0.51	0	3.668969	8.789	46.3	B_15
B_15_M_1.bin.08	97.98	1.26	0	4.226461	55.742	63	B_15
B_15_M_1.bin.09	99.75	0.47	0	4.844378	147.526	40.7	B_15
B_15_M_1.bin.10	93.42	9.56	5.88	5.437807	17.719	38.3	B_15
B_15_M_1.bin.12	53.67	1.95	0	3.372646	2.253	50	B_15
B_15_M_1.bin.13	51.75	3.67	25	3.068709	4.271	70.4	B_15
B_15_M_1.bin.14	76.99	0.32	0	4.147176	10.882	62.9	B_15
B_15_M_1.bin.15	73.55	0.65	0	3.645349	12.096	35.7	B_15
B_15_M_1.bin.16	99.6	0.48	0	4.535597	78.963	35.3	B_15
B_15_M_1.bin.17	95.35	0.13	0	4.013037	77.222	64	B_15
B_15_M_1.bin.18	88.75	2.44	50	3.267763	32.451	67	B_15
B_15_M_2.bin.01	100	0.26	0	4.428325	84.22	63.8	B_15
B_15_M_2.bin.02	95.35	1.62	0	4.599872	31.126	64.6	B_15
B_15_M_2.bin.03	90.52	1.39	0	4.636759	179.891	35.4	B_15
B_15_M_2.bin.04	98.73	0.18	0	5.50618	51.896	62.8	B_15
B_15_M_2.bin.05	87.38	0.03	100	3.17277	15.489	69.6	B_15
B_15_M_2.bin.06	90.07	0.08	0	3.625893	31.249	64.4	B_15
B_15_M_2.bin.07	80.58	4.47	50	3.051855	10.042	74.2	B_15
B_15_M_2.bin.08	94.83	4.25	51.72	8.4944	44.786	71.8	B_15
B_15_M_2.bin.09	84.88	1.78	0	6.114477	32.375	72	B_15
B_15_M_3.bin.01	99.91	1.06	0	4.144236	63.395	44.4	B_15
B_15_M_3.bin.02	94.22	2.04	42.86	3.31959	92.762	64.4	B_15
B_15_M_3.bin.03	99.99	0.41	9.09	4.633002	72.211	35.3	B_15
B_15_M_3.bin.04	99.97	0.54	40	3.640147	53.719	43.6	B_15
B_15_M_3.bin.05	97.43	0	50	3.958729	74.964	46.1	B_15
B_15_M_3.bin.06	81.27	1.46	0	3.337338	22.016	37.1	B_15
B_15_M_3.bin.07	82.7	0.71	0	3.261719	14.047	72.1	B_15
B_15_M_3.bin.08	96.51	0.08	0	3.49242	237.323	43.7	B_15
B_15_M_3.bin.09	100	0.73	0	3.881413	95.597	35.2	B_15
B_15_M_3.bin.10	100	0.23	0	5.029787	50.852	40.6	B_15
B_15_M_3.bin.11	99.49	0.06	0	6.343452	46.128	49.8	B_15
B_15_M_3.bin.12	69.8	3.09	0	6.458547	4.02	71	B_15
B_15_N_1.bin.01	99.26	0.28	0	5.450321	50.137	62.9	B_15
B_15_N_1.bin.02	81.53	0.57	33.33	7.292472	29.787	73.5	B_15
B_15_N_1.bin.03	68.93	5.52	100	3.257305	7.541	69.5	B_15
B_15_N_1.bin.04	87.05	1.43	11.11	6.623868	19.589	71.9	B_15
B_15_N_1.bin.05	95.56	0.81	0	8.138468	58.157	71.8	B_15
B_15_N_1.bin.06	59.3	6.22	0	2.695255	7.963	65.4	B_15
B_15_N_1.bin.07	100	0.06	0	3.460974	399.786	43.7	B_15
B_15_N_1.bin.08	52.99	4.48	53.33	2.601873	4.939	69.6	B_15
B_15_N_1.bin.09	99.95	2.2	0	5.136824	73.102	35.2	B_15
B_15_N_1.bin.10	94.86	2.04	0	4.733274	29.296	35.4	B_15
B_15_N_1.bin.11	69.66	1.63	0	2.593826	11.05	70.8	B_15
B_15_N_1.bin.12	93.67	0.77	0	4.097038	62.024	38.3	B_15
B_15_N_1.bin.13	100	0.94	0	5.208071	16.14	40.6	B_15
B_15_N_1.bin.14	67.48	1.68	0	2.778622	37.362	70.4	B_15
B_15_N_2.bin.01	100	0.7	12.5	4.856242	81.903	40.9	B_15
B_15_N_2.bin.02	94.58	2.58	50	5.84594	35.412	62.6	B_15
B_15_N_2.bin.03	81.28	0.51	100	3.062068	37.705	69.9	B_15
B_15_N_2.bin.04	91.79	0.23	25	6.403924	32.499	71.9	B_15
B_15_N_2.bin.05	72.01	3.15	100	6.133944	54.979	72.2	B_15
B_15_N_2.bin.06	78.99	3	0	3.133639	24.429	70.7	B_15
B_15_N_2.bin.07	80.33	0.46	50	3.512347	31.975	69.5	B_15
B_15_N_2.bin.08	87.4	0.3	10	4.020679	6.418	63.9	B_15
B_15_N_2.bin.09	67	0.99	100	6.290946	15.386	71.6	B_15
B_15_N_2.bin.10	99.99	0.07	0	4.722477	82.46	40.1	B_15
B_15_N_2.bin.11	74.02	9.21	0	4.937323	9.98	62.2	B_15
B_15_N_2.bin.12	100	0.48	0	4.687503	166.114	35.3	B_15
B_15_N_2.bin.13	57.11	1.91	0	3.584781	2.45	35.1	B_15
B_15_N_3.bin.01	78.26	0.63	100	3.300035	21.304	72.5	B_15
B_15_N_3.bin.02	90.98	1.49	0	3.569299	59.285	73.7	B_15
B_15_N_3.bin.03	63.73	1.12	100	2.499425	14.477	69.6	B_15
B_15_N_3.bin.05	97.87	5.86	0	7.789123	26.95	61.1	B_15
B_15_N_3.bin.06	62.6	0.61	0	2.572799	19.339	70.6	B_15
B_15_N_3.bin.07	86.73	1.06	37.5	2.931486	13.385	69.8	B_15
B_15_N_3.bin.08	63.84	3.62	85.71	2.662868	9.094	69.9	B_15
B_15_N_3.bin.09	99.96	1.98	33.33	6.25823	72.468	62.4	B_15
B_15_N_3.bin.10	86.76	0.98	20	4.062212	7.28	63.9	B_15
B_15_N_3.bin.11	96.57	1.06	66.67	6.796878	43.176	71.8	B_15
B_15_N_3.bin.12	100	2.18	0	5.547301	158.41	35.2	B_15
B_15_R_1.bin.01	82.18	5.1	33.33	3.852968	14.249	64.8	B_15
B_15_R_1.bin.02	95.15	2.9	100	3.549117	37.661	73.8	B_15
B_15_R_1.bin.03	94.25	0.33	0	3.398722	32.467	63.8	B_15
B_15_R_1.bin.04	71.95	1.96	0	2.801542	14.443	70.7	B_15
B_15_R_1.bin.05	99.99	2.27	66.67	6.255318	84.238	62.4	B_15
B_15_R_1.bin.06	69.43	2.98	0	2.633901	5.278	67.5	B_15
B_15_R_1.bin.07	63.4	4.96	30.77	2.735218	18.863	69.3	B_15
B_15_R_1.bin.08	77.38	1.68	0	2.606003	72.748	64.7	B_15
B_15_R_1.bin.09	60.48	0.11	0	2.969347	2.711	38.1	B_15
B_15_R_1.bin.10	100	0.25	0	5.199805	140.157	40.4	B_15
B_15_R_1.bin.11	87.17	2.53	66.67	3.829767	11.454	65	B_15
B_15_R_2.bin.01	100	0.68	0	4.746864	172.944	35.4	B_15
B_15_R_2.bin.02	95.21	0.89	14.29	6.802001	36.775	71.8	B_15
B_15_R_2.bin.03	80.72	5.51	56.52	4.103086	11.591	64.1	B_15
B_15_R_2.bin.04	62.91	0.1	0	2.012686	10.524	72.6	B_15
B_15_R_2.bin.07	100	0.58	0	5.043325	76.989	40.6	B_15
B_15_R_2.bin.08	82.74	5.08	54.55	3.327397	25.586	70.7	B_15
B_15_R_2.bin.09	85.9	9.82	0	5.298046	21.186	62.2	B_15
B_15_R_2.bin.10	78.11	0.86	0	2.724426	4.132	44.3	B_15
B_15_R_2.bin.11	96.64	0.59	33.33	5.786959	46.845	62.6	B_15
B_15_R_2.bin.12	88.46	4.01	66.67	3.437456	21.988	69.7	B_15
B_15_R_3.bin.01	75.17	6.72	100	3.984665	5.789	62	B_15
B_15_R_3.bin.02	96.14	0.41	0	4.323324	108.8	64.8	B_15
B_15_R_3.bin.03	71.33	5.63	59.52	3.072134	22.038	69.6	B_15
B_15_R_3.bin.04	99.54	0.03	0	5.955797	162.935	62.6	B_15
B_15_R_3.bin.05	100	0.65	0	4.888005	179.37	35.3	B_15
B_15_R_3.bin.06	65.08	2.34	13.33	3.887453	3.873	66.7	B_15
B_15_R_3.bin.07	95.03	2.34	0	8.235549	49.031	71.4	B_15
B_15_R_3.bin.08	100	0	0	4.309166	78.615	63.9	B_15
B_15_R_3.bin.10	99.98	0.34	0	9.692594	177.367	70.6	B_15
B_15_R_3.bin.11	77.58	0.66	0	3.104243	18.013	69.4	B_15
B_15_T_1.bin.01	100	0.75	0	3.720779	559.884	44.9	B_15
B_15_T_1.bin.02	79.9	1.23	0	3.181184	6.281	69.5	B_15
B_15_T_1.bin.03	88.88	0.09	40	2.909458	14.794	69.8	B_15
B_15_T_1.bin.04	99.98	0.32	40	8.60666	97.799	71.8	B_15
B_15_T_1.bin.05	99.79	0.42	0	4.066334	31.806	38.3	B_15
B_15_T_1.bin.06	95.16	2.33	100	3.643517	20.879	75.9	B_15
B_15_T_1.bin.07	57.91	0.46	18.75	3.262014	2.271	62.4	B_15
B_15_T_2.bin.01	99.61	0.18	0	5.749522	56.954	62.7	B_15
B_15_T_2.bin.02	73.43	1.84	0	2.868163	12.371	65	B_15
B_15_T_2.bin.03	99.97	0.01	0	3.372114	73.062	43.9	B_15
B_15_T_2.bin.04	65.12	0.88	53.85	2.698122	4.642	69.4	B_15
B_15_T_2.bin.05	66.7	1.51	100	2.558088	46.834	65.2	B_15
B_15_T_2.bin.06	95.23	0	0	3.52801	126.634	63.8	B_15
B_15_T_2.bin.07	82.78	2.29	63.64	3.704173	10.184	65	B_15
B_15_T_2.bin.08	86.82	0.46	33.33	2.668632	18.308	73.1	B_15
B_15_T_2.bin.09	100	0.15	0	5.288851	174.457	40.4	B_15
B_15_T_2.bin.10	99.28	0.11	0	3.78674	30.843	38.7	B_15
B_15_T_3.bin.01	69.98	1.07	0	3.681419	8.18	62.8	B_15
B_15_T_3.bin.02	98.35	0.4	0	4.960402	40.356	40.6	B_15
B_15_T_3.bin.03	95.31	0.28	30	6.706864	32.583	71.8	B_15
B_15_T_3.bin.04	87.31	0.2	0	3.195404	10.103	66.9	B_15
B_15_T_3.bin.05	87.83	0	0	3.762986	29.951	64.2	B_15
B_15_T_3.bin.06	90.37	1.89	85.71	3.561547	16.749	69.5	B_15
B_15_T_3.bin.07	99.54	0.25	0	5.221272	57.617	62.9	B_15
B_15_T_3.bin.08	98.54	0.21	0	4.065872	696.164	61.1	B_15
B_15_T_3.bin.09	96.63	1.16	0	4.510345	73.102	35.3	B_15
B_15_T_3.bin.10	89.08	2.74	83.33	3.439203	26.269	73.9	B_15
B_30_A_1.bin.01	100	0.49	0	4.832382	101.692	35.3	B_30
B_30_A_1.bin.03	80.18	1.08	100	3.226053	22.559	65.5	B_30
B_30_A_1.bin.04	100	1.03	0	5.60205	117.723	40	B_30
B_30_A_1.bin.05	100	0	0	4.151051	309.559	45.9	B_30
B_30_A_1.bin.06	94.15	0.12	20	3.27043	85.244	63.9	B_30
B_30_A_1.bin.07	67.67	2.55	33.33	3.185672	9.961	64.9	B_30
B_30_A_1.bin.08	99.79	0.35	0	5.562676	84.736	62.7	B_30
B_30_A_1.bin.09	90.77	2.1	33.33	3.494399	26.913	35.3	B_30
B_30_A_1.bin.11	57.67	2.37	66.67	2.461426	1.761	49.3	B_30
B_30_A_2.bin.01	99.98	0.29	12.5	7.044521	47.17	71.7	B_30
B_30_A_2.bin.02	99.22	0.07	0	3.966642	58.226	64.3	B_30
B_30_A_2.bin.03	58.6	4.04	21.43	2.986523	12.074	70.6	B_30
B_30_A_2.bin.04	94.33	0.11	0	4.199809	20.999	62.7	B_30
B_30_A_2.bin.05	74.95	1.75	25	3.206951	4.606	70.1	B_30
B_30_A_2.bin.06	99.97	0.06	33.33	7.41518	55.722	49.6	B_30
B_30_A_2.bin.07	84.3	0.27	0	2.491597	21.434	64.5	B_30
B_30_A_2.bin.08	92.57	0.43	18.18	4.971616	70.663	62.1	B_30
B_30_A_2.bin.10	87.1	0.22	0	5.08471	34.939	66.5	B_30
B_30_A_2.bin.11	100	0.93	31.58	4.70478	169.524	63.9	B_30
B_30_A_2.bin.12	78.94	2.28	10.53	3.277363	12.45	70.6	B_30
B_30_A_2.bin.13	100	0.82	20	4.458984	45.612	64.1	B_30
B_30_A_2.bin.14	72.74	5.76	42.86	2.993379	5.087	74.2	B_30
B_30_A_2.bin.15	76.42	2.01	100	2.851599	26.7	72.6	B_30
B_30_A_3.bin.01	56.87	0.04	0	2.131028	17.809	69.6	B_30
B_30_A_3.bin.02	99.96	0.06	0	4.389919	193.999	63.9	B_30
B_30_A_3.bin.03	87.37	0.01	0	3.774056	15.42	67.1	B_30
B_30_A_3.bin.04	93.35	0.2	33.33	6.816897	34.912	71.8	B_30
B_30_A_3.bin.05	91.87	0.52	0	4.394924	49.899	64.7	B_30
B_30_A_3.bin.06	94	1.49	12.5	4.428995	14.085	64.1	B_30
B_30_A_3.bin.07	57.45	3.79	52.17	2.272568	14.486	69.6	B_30
B_30_A_3.bin.08	87.54	0.57	25	5.23206	40.295	62.8	B_30
B_30_A_3.bin.09	82.98	3.08	0	3.833774	23.924	72.2	B_30
B_30_A_3.bin.10	89.09	0	0	5.064041	48.915	62.1	B_30
B_30_A_3.bin.11	92.1	3	50	7.686391	21.368	49.1	B_30
B_30_A_3.bin.13	93.44	0.54	0	2.579679	50.37	64.7	B_30
B_30_A_3.bin.14	99.8	0.13	0	3.682748	190.931	73.7	B_30
B_30_A_3.bin.15	100	2.2	33.33	6.464992	72.518	63.2	B_30
B_30_A_3.bin.16	100	1.25	0	4.977018	139.117	35.2	B_30
B_30_A_3.bin.17	78.66	0.2	0	3.309063	14.567	69.5	B_30
B_30_M_1.bin.01	98.48	0.56	0	3.72788	152.599	72.5	B_30
B_30_M_1.bin.02	95.69	3.57	50	8.357041	23.043	73.2	B_30
B_30_M_1.bin.03	99.61	0.16	0	3.848425	160.313	63.7	B_30
B_30_M_1.bin.04	98.93	2.21	0	5.041665	146.739	35.3	B_30
B_30_M_1.bin.05	99.99	1.67	0	4.551311	147.26	44.4	B_30
B_30_M_1.bin.06	99.81	0.15	0	5.790133	84.833	62.7	B_30
B_30_M_1.bin.07	54.82	2.36	0	2.384975	3.484	63.4	B_30
B_30_M_1.bin.08	99.13	0.94	0	4.930071	44.341	40.8	B_30
B_30_M_1.bin.09	99.95	0.03	0	3.993939	144.4	46	B_30
B_30_M_1.bin.10	70.53	0.94	0	3.729212	15.49	35.9	B_30
B_30_M_1.bin.11	100	0.13	0	4.418784	88.301	37.4	B_30
B_30_M_1.bin.12	65.49	0.43	0	2.517245	3.229	44.5	B_30
B_30_M_1.bin.13	99.99	0.3	0	6.734925	140.932	49.5	B_30
B_30_M_1.bin.14	99.93	0.21	0	3.668636	40.292	70.3	B_30
B_30_M_1.bin.15	99.96	0.64	0	3.720701	242.199	73.6	B_30
B_30_M_1.bin.16	98.12	0.38	0	3.850621	252.734	35.1	B_30
B_30_M_1.bin.17	94.84	0.59	12.5	3.647606	120.57	43.6	B_30
B_30_M_2.bin.01	98.58	7.17	8.33	5.626272	72.818	62	B_30
B_30_M_2.bin.02	81.86	1.14	0	3.37728	24.59	73.9	B_30
B_30_M_2.bin.03	93.44	0.21	58.33	8.269411	49.652	71.8	B_30
B_30_M_2.bin.04	90.46	0.61	0	6.314388	33.128	49.8	B_30
B_30_M_2.bin.05	54.49	0.11	0	2.252546	22.054	69.6	B_30
B_30_M_2.bin.06	88	1.24	50	4.012899	19.522	64.9	B_30
B_30_M_2.bin.07	95.78	0.01	0	3.904209	288.509	46.1	B_30
B_30_M_2.bin.08	99.19	0.89	7.14	4.376011	60.832	63.9	B_30
B_30_M_2.bin.10	99.59	0.72	0	3.295888	148.058	38.9	B_30
B_30_M_2.bin.11	99.99	1.36	5.88	4.878946	77.055	35.3	B_30
B_30_M_2.bin.12	67.74	3.72	22.22	3.911123	2.863	50.4	B_30
B_30_M_2.bin.14	100	0.87	0	5.438428	79.358	40.3	B_30
B_30_M_2.bin.15	90.22	0.26	0	3.265616	39.424	67	B_30
B_30_M_2.bin.16	91.9	0.87	25	5.322964	52.129	62.8	B_30
B_30_M_2.bin.17	94.35	0.22	0	3.569955	175.402	43.6	B_30
B_30_M_3.bin.01	99.39	1.16	0	5.042066	33.804	35.2	B_30
B_30_M_3.bin.02	61.72	0.29	0	2.490073	15.97	69.7	B_30
B_30_M_3.bin.03	89.66	2.75	33.33	5.08994	17.315	62.3	B_30
B_30_M_3.bin.04	87.98	2.59	100	3.158671	27.266	70.8	B_30
B_30_M_3.bin.05	96.38	0.91	44.44	6.656087	20.404	71.8	B_30
B_30_M_3.bin.06	92.96	0.29	100	3.517833	107.598	73.8	B_30
B_30_M_3.bin.07	78.17	0.63	11.11	3.897189	14.2	66.9	B_30
B_30_M_3.bin.08	96.74	0.23	0	5.590839	49.925	62.7	B_30
B_30_M_3.bin.09	83.87	0.32	0	6.497383	7.794	49.6	B_30
B_30_M_3.bin.10	100	0.07	0	4.47117	193.285	63.9	B_30
B_30_M_3.bin.11	77.85	0.52	60	3.136405	13.528	69.6	B_30
B_30_M_3.bin.12	51.8	3.9	22.58	5.26497	2.395	70.3	B_30
B_30_N_1.bin.01	77.23	0	0	3.721324	216.591	41.3	B_30
B_30_N_1.bin.02	75.64	0.65	100	3.26152	21.829	65.1	B_30
B_30_N_1.bin.03	79.13	7.23	0	2.922134	21.659	64.7	B_30
B_30_N_1.bin.04	92	0.75	40	7.442634	61.931	73.5	B_30
B_30_N_1.bin.05	83.96	1.18	0	3.122539	8.373	74.3	B_30
B_30_N_1.bin.06	92.49	0.59	0	3.580664	181.715	35.3	B_30
B_30_N_1.bin.07	99.99	0.04	0	4.595502	98.285	37.2	B_30
B_30_N_1.bin.08	99.92	0.92	0	6.269781	54.376	62.4	B_30
B_30_N_1.bin.09	86.57	0.85	16.67	6.030361	26.325	72	B_30
B_30_N_1.bin.10	84.13	7.65	0	3.126146	25.743	70.8	B_30
B_30_N_1.bin.13	84.22	4.61	100	3.501884	32.319	70.6	B_30
B_30_N_1.bin.14	100	0.45	0	4.533446	147.485	40.6	B_30
B_30_N_1.bin.15	88.72	0.54	0	3.996938	69.067	38.3	B_30
B_30_N_1.bin.16	99.99	1.51	0	4.516156	141.862	44.3	B_30
B_30_N_1.bin.17	85.19	0.08	0	6.89956	67.77	71.9	B_30
B_30_N_1.bin.18	100	0.11	0	3.471228	400.318	43.7	B_30
B_30_N_2.bin.02	94.7	0.12	28.57	6.7767	42.708	71.7	B_30
B_30_N_2.bin.03	81.38	2.51	7.69	3.734756	4.507	64.1	B_30
B_30_N_2.bin.04	64.67	9.72	91.67	4.056241	25.26	62.8	B_30
B_30_N_2.bin.05	100	0.01	0	4.101426	211.374	46	B_30
B_30_N_2.bin.06	95.33	2.68	30	6.669322	37.849	63.1	B_30
B_30_N_2.bin.07	73.12	1.35	50	2.947237	8.172	74.2	B_30
B_30_N_2.bin.08	100	1.09	0	5.275228	160.161	35.2	B_30
B_30_N_2.bin.09	57.82	1.36	14.29	3.414785	2.635	64.7	B_30
B_30_N_2.bin.10	73.73	8.54	0	3.994484	3.094	66.7	B_30
B_30_N_2.bin.11	99.94	2.26	25	6.187632	180.779	62.4	B_30
B_30_N_3.bin.01	55.8	2.67	0	3.038019	3.702	67.1	B_30
B_30_N_3.bin.02	84.13	5.36	40	6.746101	35.664	49.9	B_30
B_30_N_3.bin.03	94.75	1.15	0	4.558175	23.084	64.6	B_30
B_30_N_3.bin.04	92.67	3.01	8.82	6.099465	27.84	62	B_30
B_30_N_3.bin.05	100	0	0	4.497983	56.594	63.8	B_30
B_30_N_3.bin.06	95.33	3.19	42.86	6.270722	47.428	63.2	B_30
B_30_N_3.bin.07	95.81	0.39	0	5.435918	109.491	62.8	B_30
B_30_N_3.bin.08	95.73	1.58	28.57	7.460725	50.337	71.5	B_30
B_30_N_3.bin.09	81.43	2.61	66.67	5.738887	69.945	49.2	B_30
B_30_R_1.bin.01	87.87	3.26	71.43	2.98973	10.834	72.8	B_30
B_30_R_1.bin.02	97.45	0.5	0	5.833483	56.471	62.7	B_30
B_30_R_1.bin.03	87.37	4.07	0	3.469615	4.996	38.6	B_30
B_30_R_1.bin.04	83.39	0.16	25	2.387096	13.225	72.9	B_30
B_30_R_1.bin.05	89.63	0.74	0	3.498467	33.089	69.6	B_30
B_30_R_1.bin.06	90.15	0.22	0	3.708152	355.382	35.2	B_30
B_30_R_1.bin.07	92.02	1.22	33.33	6.583119	26.702	71.9	B_30
B_30_R_1.bin.08	57.76	5.09	3.33	3.912444	2.414	61.7	B_30
B_30_R_1.bin.09	93.78	0.08	0	3.748802	79.06	38.6	B_30
B_30_R_1.bin.10	87.34	7.96	42.31	4.901854	11.531	64.5	B_30
B_30_R_1.bin.11	89.94	5.82	7.14	4.451026	24.776	64.6	B_30
B_30_R_1.bin.12	95.95	2.94	0	7.096326	8.541	49.9	B_30
B_30_R_1.bin.13	86.15	1.66	20	3.555992	11.262	63.8	B_30
B_30_R_1.bin.14	93.7	0.42	100	3.568713	56.739	73.7	B_30
B_30_R_1.bin.15	65.71	5.11	60	2.475707	29.624	74.7	B_30
B_30_R_2.bin.01	92.24	0.49	0	4.230226	38.292	65	B_30
B_30_R_2.bin.02	98.7	0.35	25	5.477845	51.349	62.8	B_30
B_30_R_2.bin.03	94.79	1.31	14.29	6.782964	28.333	71.8	B_30
B_30_R_2.bin.04	88.2	0.85	0	3.184016	10.83	44	B_30
B_30_R_2.bin.05	98.4	0.49	0	7.025387	16.327	49.6	B_30
B_30_R_2.bin.06	83.82	3.99	100	3.074038	37.737	70.6	B_30
B_30_R_2.bin.07	76.31	8.21	100	3.117716	7.973	69.7	B_30
B_30_R_2.bin.08	59.17	0.85	20	3.548548	3.065	39.6	B_30
B_30_R_2.bin.09	93.84	4.42	19.05	6.269907	76.489	61.7	B_30
B_30_R_2.bin.10	63.73	8.77	20	5.165801	2.808	63.6	B_30
B_30_R_2.bin.11	88.36	8.89	0	4.095443	14.816	70.3	B_30
B_30_R_2.bin.13	80.84	0.87	0	3.492261	16.97	72.3	B_30
B_30_R_2.bin.14	93.36	0.33	100	3.499787	88.286	73.8	B_30
B_30_R_2.bin.15	99.99	0.01	0	3.983513	32.634	64.1	B_30
B_30_R_3.bin.01	100	0.7	0	4.816843	151.214	35.3	B_30
B_30_R_3.bin.02	82.33	9.69	33.33	5.968833	8.579	63.2	B_30
B_30_R_3.bin.03	80.65	3.09	100	8.13962	10.018	71.2	B_30
B_30_R_3.bin.04	94.47	0.01	100	5.496204	47.456	62.8	B_30
B_30_R_3.bin.05	64.92	0.63	0	3.306306	12.055	67.1	B_30
B_30_R_3.bin.06	95.39	1.73	22.22	6.905166	47.655	71.7	B_30
B_30_R_3.bin.07	74.42	3.1	0	3.80479	38.923	62.3	B_30
B_30_R_3.bin.08	86.24	2.72	16.67	3.801384	12.538	65	B_30
B_30_R_3.bin.09	58.44	0.54	0	2.814992	7.882	62.3	B_30
B_30_R_3.bin.10	79.7	9.17	0	3.634656	13.14	70.4	B_30
B_30_R_3.bin.11	100	0.08	0	4.650936	387.835	64	B_30
B_30_R_3.bin.12	76.91	1.81	16.67	4.395051	14.862	62.7	B_30
B_30_T_1.bin.01	93.12	0.08	100	3.549161	30.707	75.9	B_30
B_30_T_1.bin.02	85.89	5.57	6.25	3.622672	10.354	35.1	B_30
B_30_T_1.bin.03	98.81	0.26	0	5.405857	46.994	62.8	B_30
B_30_T_1.bin.05	55.39	5.75	10	2.72151	3.235	69.8	B_30
B_30_T_1.bin.08	83.21	1.77	52.94	7.568648	15.272	71.4	B_30
B_30_T_1.bin.09	99.96	0.17	0	4.158186	94.811	38.3	B_30
B_30_T_1.bin.10	99.99	0.2	0	3.492921	610.859	43.7	B_30
B_30_T_1.bin.11	93.21	0.26	0	4.043398	121.041	40.5	B_30
B_30_T_1.bin.12	91.95	2.55	20	3.321191	29.538	68.1	B_30
B_30_T_1.bin.13	80.88	2.16	0	3.260182	5.613	73.8	B_30
B_30_T_2.bin.01	99.95	0.14	0	4.158508	76.656	38.3	B_30
B_30_T_2.bin.02	99.52	3.37	26.32	7.025945	38.982	71.7	B_30
B_30_T_2.bin.03	61.11	1.27	0	3.477031	3.082	62.7	B_30
B_30_T_2.bin.04	86.28	0.09	100	3.146328	58.341	74.4	B_30
B_30_T_2.bin.05	80.23	5.41	0	2.89905	12.696	70.7	B_30
B_30_T_2.bin.07	99.88	0	0	5.678761	77.104	62.7	B_30
B_30_T_2.bin.08	53.66	0.77	0	2.340019	2.444	64.1	B_30
B_30_T_2.bin.09	53.41	0.08	0	2.475409	2.026	37.8	B_30
B_30_T_2.bin.10	94.02	0.6	0	4.865577	31.07	40.6	B_30
B_30_T_2.bin.11	77.04	2.67	0	3.024386	9.645	70.8	B_30
B_30_T_2.bin.12	96.79	0.04	0	6.201017	46.12	49.2	B_30
B_30_T_2.bin.14	54.67	2.21	100	1.896029	20.108	74.8	B_30
B_30_T_2.bin.15	68.81	7.56	100	2.71887	40.83	72.7	B_30
B_30_T_3.bin.01	78.62	1.2	0	3.636236	24.838	65.2	B_30
B_30_T_3.bin.03	87.95	1.58	50	3.433284	59.89	73.8	B_30
B_30_T_3.bin.04	78.41	0.6	33.33	2.84512	21.533	70.8	B_30
B_30_T_3.bin.05	100	0	0	3.67847	121.873	66.6	B_30
B_30_T_3.bin.06	92.57	0.5	0	5.690023	93.255	62.7	B_30
B_30_T_3.bin.07	94.82	9	14.29	7.585768	31.897	61.5	B_30
B_30_T_3.bin.08	97.66	1.1	0	4.246292	52.042	64.1	B_30
B_30_T_3.bin.09	94.67	0.1	12.5	6.882078	40.371	71.7	B_30
B_45_A_1.bin.01	99.69	0.66	0	4.705266	28.275	41.8	B_45
B_45_A_1.bin.02	99.86	0.72	0	5.107854	173.229	55.9	B_45
B_45_A_1.bin.03	89.63	0.89	0	4.559701	43.355	50.8	B_45
B_45_A_1.bin.04	100	0.2	0	3.346102	288.817	62.9	B_45
B_45_A_1.bin.05	99.89	0.46	0	5.011985	121.802	63.1	B_45
B_45_A_1.bin.06	82.93	0.01	0	5.144777	84.939	53.2	B_45
B_45_A_1.bin.07	96.85	2.42	25	8.81989	68.289	71.9	B_45
B_45_A_1.bin.08	85	1.03	0	4.776304	8.455	46.5	B_45
B_45_A_1.bin.09	96	0.86	100	3.627427	60.206	73.7	B_45
B_45_A_1.bin.10	99.98	0.89	5.56	4.949408	237.239	36	B_45
B_45_A_1.bin.11	99.94	1.16	0	4.78313	85.129	43.5	B_45
B_45_A_1.bin.12	95.31	0.97	62.5	5.042851	244.702	49.3	B_45
B_45_A_1.bin.13	100	0	0	4.098235	151.594	46	B_45
B_45_A_1.bin.14	87.78	2.84	40	3.281622	57.132	74.3	B_45
B_45_A_1.bin.15	99.94	0.16	0	4.315939	44.592	38.4	B_45
B_45_A_1.bin.16	99.96	0.11	0	6.30329	77.426	50.9	B_45
B_45_A_2.bin.01	99.93	1.31	50	4.857452	104.373	62.8	B_45
B_45_A_2.bin.02	80.96	0.03	0	4.230931	58.368	56.9	B_45
B_45_A_2.bin.03	96.1	0.25	0	5.073472	22.605	46.6	B_45
B_45_A_2.bin.04	84.47	0.04	18.18	3.902342	9.421	41.9	B_45
B_45_A_2.bin.05	100	0.51	0	4.895822	73.62	35.3	B_45
B_45_A_2.bin.06	88.05	0.76	0	4.595867	169.052	62.3	B_45
B_45_A_2.bin.07	99.61	0.02	0	4.053169	151.059	45.9	B_45
B_45_A_2.bin.08	76.02	5.85	27.59	3.920289	21.708	64.9	B_45
B_45_A_2.bin.09	77.87	3.99	52.63	6.376394	16.629	73.1	B_45
B_45_A_2.bin.10	98.87	0.95	0	4.25243	115.309	62.9	B_45
B_45_A_2.bin.11	99.86	0.49	0	4.026602	191.104	71.8	B_45
B_45_A_2.bin.12	99.92	2.66	0	5.870273	119.622	58.4	B_45
B_45_A_3.bin.01	100	1.06	0	5.044197	78.279	35.3	B_45
B_45_A_3.bin.02	70.75	9.93	28.57	7.273038	31.096	73.9	B_45
B_45_A_3.bin.03	99.98	2.76	0	6.268238	120.802	57.9	B_45
B_45_A_3.bin.04	99.85	1.43	14.29	4.701325	178.596	63.1	B_45
B_45_A_3.bin.06	56.29	1.39	0	3.666038	2.502	52.8	B_45
B_45_A_3.bin.07	99.89	0.68	0	5.199308	128.443	55.9	B_45
B_45_A_3.bin.08	83.9	3.48	7.69	4.833483	4.401	35.3	B_45
B_45_A_3.bin.09	92.46	1.36	10	3.834349	9.629	46.1	B_45
B_45_A_3.bin.10	96.53	0.85	0	3.24471	33.132	70.7	B_45
B_45_M_1.bin.02	99.87	0.65	0	4.115059	86.219	63	B_45
B_45_M_1.bin.03	87.65	3.1	0	4.926351	106.018	35.7	B_45
B_45_M_1.bin.04	89.72	0.23	0	3.613137	111.145	35.2	B_45
B_45_M_1.bin.05	100	0.05	0	5.084573	126.317	41.5	B_45
B_45_M_1.bin.06	100	1.15	0	4.380759	331.222	44.4	B_45
B_45_M_1.bin.07	68.59	5.46	66.67	4.553337	18.133	53.8	B_45
B_45_M_1.bin.08	97.69	1.11	7.14	4.152135	112.932	46	B_45
B_45_M_1.bin.09	95.83	0.79	0	4.872629	248.306	35.3	B_45
B_45_M_1.bin.10	80.01	0.83	12.5	4.306649	4.301	62.9	B_45
B_45_M_1.bin.11	99.83	1.04	0	3.795727	109.42	43.5	B_45
B_45_M_1.bin.12	97.33	1.18	0	3.281142	19.66	70.4	B_45
B_45_M_1.bin.13	89.57	0.76	0	3.293763	50.264	74.2	B_45
B_45_M_1.bin.14	100	9.2	0	6.251815	41.395	38.1	B_45
B_45_M_1.bin.15	100	8.72	0	5.877952	60.379	44.3	B_45
B_45_M_2.bin.01	100	0	0	4.039539	156.419	46	B_45
B_45_M_2.bin.02	97.74	0.72	0	4.330046	70.908	62.9	B_45
B_45_M_2.bin.03	93.7	1.67	0	5.103035	58.761	50.4	B_45
B_45_M_2.bin.04	100	1.39	0	4.945438	93.435	35.3	B_45
B_45_M_2.bin.05	93.78	0.24	0	6.554374	130.784	49.6	B_45
B_45_M_2.bin.06	99.32	1.92	20	4.93233	13.787	65.2	B_45
B_45_M_2.bin.07	99.97	0.02	0	4.66791	32.251	41.8	B_45
B_45_M_2.bin.08	69.55	2.73	37.5	3.249532	13.438	36	B_45
B_45_M_2.bin.09	98.38	0	0	5.934035	181.256	51.1	B_45
B_45_M_2.bin.10	90.31	0.62	0	4.730964	33.316	56.5	B_45
B_45_M_2.bin.11	100	2.33	14.29	4.692096	6.117	46.5	B_45
B_45_M_2.bin.12	74.47	3.88	83.33	3.262836	5.699	73.9	B_45
B_45_M_2.bin.14	99.6	3.56	50	5.912076	76.932	58.5	B_45
B_45_M_2.bin.15	99.47	4.9	0	5.380849	118.118	50.2	B_45
B_45_M_2.bin.16	88.59	0.24	0	5.001102	57.13	48.1	B_45
B_45_M_2.bin.17	93.79	0.59	16.67	3.155829	22.336	39.4	B_45
B_45_M_2.bin.18	98.28	0.27	33.33	4.237822	104.465	63.6	B_45
B_45_M_2.bin.19	84.84	1.46	0	3.29456	22.471	35.4	B_45
B_45_M_2.bin.20	85.18	1.62	17.65	2.602459	3.127	44.2	B_45
B_45_M_3.bin.01	100	0.06	0	6.384581	364.411	52.2	B_45
B_45_M_3.bin.02	99.99	1.62	0	5.943996	124.497	47.4	B_45
B_45_M_3.bin.03	99.7	0.23	33.33	4.117253	125.297	63.6	B_45
B_45_M_3.bin.04	93.75	4.08	0	8.681578	55.766	71.2	B_45
B_45_M_3.bin.05	96.13	1.05	20	4.121878	7.953	62.9	B_45
B_45_M_3.bin.06	100	1.27	0	5.315068	86.278	44.8	B_45
B_45_M_3.bin.07	81.56	2.52	0	9.836188	39.008	73.2	B_45
B_45_M_3.bin.08	83.37	5.33	0	6.762603	23.815	73.1	B_45
B_45_M_3.bin.09	50.21	2.7	0	3.187204	2.23	58.9	B_45
B_45_M_3.bin.10	93.26	0	14.29	3.527389	182.588	73.7	B_45
B_45_M_3.bin.11	100	0.42	0	4.934712	75.755	35.3	B_45
B_45_N_1.bin.01	86.57	0	0	3.767825	81.945	46.3	B_45
B_45_N_1.bin.02	100	2.51	0	5.802584	50.794	64.6	B_45
B_45_N_1.bin.03	87.13	2.72	37.5	6.723219	26.247	72.9	B_45
B_45_N_1.bin.04	99.92	0.43	0	5.030013	258.357	50.3	B_45
B_45_N_1.bin.05	98.82	1.12	0	3.340164	44.135	74.3	B_45
B_45_N_1.bin.06	99.71	2.18	0	5.013471	328.277	37.2	B_45
B_45_N_1.bin.07	99.57	0.47	33.33	4.573854	294.622	45.4	B_45
B_45_N_1.bin.08	94.31	1.27	0	3.67677	194.1	35.2	B_45
B_45_N_1.bin.09	99.63	0.58	16.67	4.956524	17.794	56.1	B_45
B_45_N_1.bin.10	99.99	1.09	0	4.331939	204.499	44.3	B_45
B_45_N_2.bin.01	83.74	0.25	0	3.681361	14.651	64.5	B_45
B_45_N_2.bin.02	86.77	4.36	16.67	9.307136	16.415	73.2	B_45
B_45_N_2.bin.03	98.68	1.66	0	4.629535	22.907	65.5	B_45
B_45_N_2.bin.04	85.29	1.44	12.5	4.799907	6.786	46.4	B_45
B_45_N_2.bin.05	100	0.59	0	4.969167	72.252	35.2	B_45
B_45_N_2.bin.06	99.85	0.19	0	5.214629	248.6	55.7	B_45
B_45_N_2.bin.07	83.55	5.87	66.67	3.241538	59.153	74.5	B_45
B_45_N_2.bin.08	99.94	3.44	0	6.086725	108.481	58.3	B_45
B_45_N_2.bin.09	98.03	0.98	0	4.932455	89.922	50.5	B_45
B_45_N_2.bin.10	94.1	0.52	40	7.945362	38.236	72.1	B_45
B_45_N_2.bin.11	100	3.86	0	5.711874	178.214	49.9	B_45
B_45_N_2.bin.12	91.86	6.26	80	3.753545	91.272	73.6	B_45
B_45_N_2.bin.15	94.59	2.15	20	3.651795	50.232	38.7	B_45
B_45_N_2.bin.16	91.11	1.4	0	3.017079	100.307	39	B_45
B_45_N_2.bin.17	100	2.23	0	4.95084	153.011	35.4	B_45
B_45_N_2.bin.18	100	0	0	4.133133	97.646	45.8	B_45
B_45_N_3.bin.01	99.88	0.4	25	4.919711	104.382	63.1	B_45
B_45_N_3.bin.02	97.3	2.23	0	10.018622	89.534	73.2	B_45
B_45_N_3.bin.04	99.99	0.12	0	6.293923	303.098	52.6	B_45
B_45_N_3.bin.05	100	0.77	0	4.93817	99.687	35.3	B_45
B_45_N_3.bin.06	99.68	3.07	0	5.938789	104.358	58.3	B_45
B_45_N_3.bin.07	71.6	4.39	0	5.889037	13.812	73.3	B_45
B_45_N_3.bin.08	97	0.42	0	3.986972	90.638	63	B_45
B_45_N_3.bin.09	86.71	0.6	0	5.534488	14.391	53.4	B_45
B_45_N_3.bin.11	99.99	4.01	50	6.105062	138.408	47.4	B_45
B_45_N_3.bin.12	100	0.03	0	4.098417	151.204	45.9	B_45
B_45_N_3.bin.10	84.96	2.04	33.33	6.647029	24.874	70.8	B_45
B_45_R_1.bin.01	100	1.11	0	5.179563	172.037	35.3	B_45
B_45_R_1.bin.02	99.53	1.56	100	3.790751	54.426	73.6	B_45
B_45_R_1.bin.03	99.97	0.52	0	5.036018	318.179	50.4	B_45
B_45_R_1.bin.04	100	1.86	0	4.925449	204.744	35.4	B_45
B_45_R_1.bin.05	100	2.19	0	4.428905	1047.787	45.8	B_45
B_45_R_1.bin.06	97.05	0	50	3.859475	246.457	71.8	B_45
B_45_R_1.bin.07	77.9	1.92	55.56	6.495297	13.853	72.8	B_45
B_45_R_1.bin.08	98.07	0.52	100	3.425877	128.875	70.5	B_45
B_45_R_2.bin.01	99.98	0.21	0	4.948216	166.804	50.5	B_45
B_45_R_2.bin.02	99.97	0.01	0	4.146443	94.195	46.1	B_45
B_45_R_2.bin.03	99.91	1.83	20	4.939308	149.332	63.1	B_45
B_45_R_2.bin.04	100	1.92	0	5.68808	54.224	64.7	B_45
B_45_R_2.bin.05	98.16	2.1	75	3.60517	73.007	73.7	B_45
B_45_R_2.bin.06	99.96	1.03	0	5.437209	162.739	56	B_45
B_45_R_2.bin.07	91.01	3.89	0	5.129467	17.418	50.1	B_45
B_45_R_2.bin.08	100	0.94	0	5.119547	71.125	35.2	B_45
B_45_R_2.bin.09	58.85	2.74	18.18	4.033852	2.743	71.7	B_45
B_45_R_2.bin.11	83.55	2.24	11.11	5.608101	8.417	51.3	B_45
B_45_R_2.bin.12	80.83	2.26	0	3.065723	4.257	59.9	B_45
B_45_R_2.bin.14	94.18	0.08	0	3.64708	150.981	43.4	B_45
B_45_R_2.bin.15	99.85	3.17	0	5.94031	70.088	58.4	B_45
B_45_R_3.bin.01	88.51	1.27	0	9.658081	64.465	73.3	B_45
B_45_R_3.bin.02	100	0.74	0	5.109444	239.694	35.5	B_45
B_45_R_3.bin.03	62.69	6.22	67.74	6.381766	14.286	70.8	B_45
B_45_R_3.bin.04	99.99	0.46	100	3.408678	115.341	74.2	B_45
B_45_R_3.bin.05	99.94	1.31	25	4.871208	159.981	63.1	B_45
B_45_R_3.bin.06	99.87	2.5	0	6.102576	123.184	58.2	B_45
B_45_R_3.bin.07	92.12	5.59	8.33	9.004539	23.271	71.5	B_45
B_45_R_3.bin.08	99.02	0.43	0	3.380384	284.312	70.5	B_45
B_45_R_3.bin.09	68.34	4.46	16.67	3.896695	2.591	47.8	B_45
B_45_R_3.bin.10	100	0.01	0	4.150758	302.7	45.9	B_45
B_45_T_1.bin.01	99.99	0	100	3.978374	98.552	46.1	B_45
B_45_T_1.bin.02	88.6	0.21	0	4.531474	46.209	50.8	B_45
B_45_T_1.bin.03	99.81	0.24	0	3.71536	553.332	35.2	B_45
B_45_T_1.bin.04	91.75	1.39	0	3.146611	21.04	74.4	B_45
B_45_T_1.bin.05	99.99	0.03	0	3.470794	559.798	43.7	B_45
B_45_T_1.bin.06	99.99	1.24	0	4.418767	309.412	44.4	B_45
B_45_T_1.bin.07	99.84	0.16	0	3.943898	99.175	38.5	B_45
B_45_T_1.bin.08	99.5	0.96	10	6.625505	23.972	49.7	B_45
B_45_T_2.bin.01	100	0	0	3.979184	151.166	46	B_45
B_45_T_2.bin.02	84.13	0.11	20	2.662021	29.087	39.4	B_45
B_45_T_2.bin.03	92.4	0.34	0	3.170866	84.326	74.4	B_45
B_45_T_2.bin.04	87.84	2.64	56.52	7.341384	35.653	72.5	B_45
B_45_T_2.bin.05	99.93	0.21	0	3.705798	142.024	73.7	B_45
B_45_T_2.bin.06	100	2.18	0	5.992879	66.582	64.5	B_45
B_45_T_2.bin.07	99.83	0.53	0	3.280624	88.437	70.6	B_45
B_45_T_2.bin.10	100	1.53	0	4.310314	239.987	44.3	B_45
B_45_T_2.bin.11	57.28	1.34	0	3.010199	116.049	34.4	B_45
B_45_T_2.bin.12	80.16	1.43	0	6.934372	36.65	73.1	B_45
B_45_T_2.bin.13	90.29	0.5	50	3.979881	6.091	60.8	B_45
B_45_T_2.bin.14	99.82	0.91	33.33	3.865006	75.153	35.2	B_45
B_45_T_3.bin.01	99.96	1.35	0	4.571998	354.898	58.3	B_45
B_45_T_3.bin.02	94.44	0.68	0	5.016935	90.478	63	B_45
B_45_T_3.bin.03	97.32	0.25	0	2.713582	33.247	39.4	B_45
B_45_T_3.bin.04	95.32	5.04	0	5.170365	11.29	43.7	B_45
B_45_T_3.bin.06	98.57	7.63	0	6.352869	156.509	35.2	B_45
B_45_T_3.bin.07	96.08	2.63	0	3.228142	100.686	70.7	B_45
B_45_T_3.bin.08	95.47	0.13	100	3.67098	35.41	73.6	B_45
B_45_T_3.bin.09	75.58	3.09	7.69	9.275439	10.224	73.2	B_45
B_45_T_3.bin.10	85.63	1.54	0	3.210901	48.459	74.1	B_45
B_45_T_3.bin.11	100	0.01	0	4.096098	155.272	45.9	B_45
B_45_T_3.bin.12	75.98	2.94	68.18	3.060741	8.214	45	B_45
B_45_T_3.bin.13	99.94	3.27	0	6.133433	93.764	58.1	B_45
B_45_T_3.bin.14	99.95	0.67	0	5.171927	183.823	55.8	B_45
B_45_T_3.bin.15	62.07	2.49	0	5.088274	9.2	71.4	B_45
B_45_T_3.bin.16	100	0.65	0	3.424781	96.219	66.2	B_45
B_45_T_3.bin.17	98.23	0.27	0	4.979708	160.526	50.4	B_45
B_45_T_3.bin.19	100	1.04	0	5.18927	178.571	35.2	B_45
B_45_T_3.bin.20	99.95	1.87	20	3.64749	115.648	70.3	B_45
B_45_T_3.bin.21	56.81	1.11	33.33	2.412494	2.236	35.1	B_45
BS.bin.01	54.83	0.32	25	1.867137	5.986	71.3	OBS
BS.bin.02	82.7	0.02	54.55	2.058048	8.307	63.6	OBS
BS.bin.03	90.38	1.08	100	1.920343	21.057	65.4	OBS
BS.bin.04	90.32	0.69	20	3.067351	15.382	61.6	OBS
BS.bin.05	87.58	0.89	0	2.681144	7.967	39.5	OBS
BS.bin.06	66.87	5.36	0	1.692321	15.455	72.2	OBS
BS.bin.07	83.88	1.08	60	2.83739	16.492	71	OBS
BS.bin.08	90.62	3.5	7.69	4.082914	24.173	69.6	OBS
BS.bin.09	86.73	1.83	25	4.761344	7.94	70.8	OBS
BS.bin.10	78.68	1.54	0	3.887452	19.549	69.5	OBS
BS.bin.11	55.58	0.31	0	1.805095	13.281	67.1	OBS
BS.bin.12	54.61	0.9	0	2.521009	4.02	40.4	OBS
BS.bin.13	56.79	7.78	18.52	1.999134	4.628	71.3	OBS
BS.bin.14	58.49	4.24	44.44	1.600996	9.207	56.1	OBS
BS.bin.15	84.78	1.12	100	2.221452	23.614	71.5	OBS
BS.bin.16	52.74	1.86	0	3.605518	5.528	54.1	OBS
BS.bin.17	72.48	5.63	62.5	1.674238	6.408	61.5	OBS
BS.bin.18	81.81	0.46	20	2.05853	30.494	63.7	OBS
BS.bin.19	60.09	1.81	100	1.663917	6.379	72.7	OBS
BS.bin.20	90.68	1.83	0	1.895194	23.611	71.4	OBS
BS.bin.21	61.27	3.37	62.5	1.654458	7.095	65.7	OBS
BS.bin.22	79.84	1.04	50	2.35993	23.16	70.6	OBS
BS.bin.23	83.54	2.13	0	2.729688	36.15	65.8	OBS
BS.bin.24	67.15	3.19	0	1.637761	8.277	66.6	OBS
BS.bin.25	72.7	7.15	25	2.517328	8.251	65.4	OBS
BS.bin.28	58.18	1.01	62.5	1.885989	12.194	71.9	OBS
BS.bin.29	64.25	0.49	0	1.324959	8.848	72	OBS
BS.bin.30	72.33	0.05	0	1.897755	19.288	70	OBS
BS.bin.31	61.27	0.07	0	1.274957	16.72	68.1	OBS
BS.bin.32	53.94	2.4	0	1.966945	9.996	42	OBS
BS.bin.33	65.01	3.1	25	1.193411	6.246	43.9	OBS
BS.bin.34	79.73	1.45	9.09	4.198239	11.261	35.8	OBS
BS.bin.35	80.21	5.55	0	3.290636	18.946	70.3	OBS
BS.bin.36	88.37	0.61	0	2.153789	7.797	40.1	OBS
BS.bin.37	85.69	1.32	100	2.193901	16.072	71.7	OBS
BS.bin.39	87.26	1.12	50	2.687945	39.848	71	OBS
BS.bin.41	82.54	2.42	0	0.652573	4.019	43.1	OBS
BS.bin.42	79.98	4.21	12.5	0.630944	3.215	44.3	OBS
BS.bin.43	94.37	3.47	60	2.252242	17.599	71.2	OBS
BS.bin.44	67.38	0.78	0	2.189337	6.703	72.4	OBS
BS.bin.45	80.39	3.36	25	1.457849	31.846	41.8	OBS
BS.bin.47	56.71	6.22	36.84	1.75381	3.612	61.2	OBS
BS.bin.48	71.18	3.19	0	2.574384	3.387	45	OBS
BS.bin.49	73.79	1.79	0	3.098802	10.404	65.7	OBS
BS.bin.50	72.97	2.15	0	2.330821	14.85	70.9	OBS
BS.bin.51	98.19	0.13	0	3.058411	33.581	64.6	OBS
BS.bin.52	91.05	7.05	0	4.61829	23.342	56.5	OBS
BS.bin.53	98.63	5.38	0	3.773452	8.526	34.3	OBS
BS.bin.54	66.19	7.54	25	1.819001	13.48	66.5	OBS
BS.bin.55	99.9	0.03	16.67	3.212635	27.114	59.6	OBS
BS.bin.56	64.56	1.59	0	3.79297	9.551	64.7	OBS
BS.bin.57	87.14	4.14	33.33	3.687576	15.03	67.2	OBS
BS.bin.58	95.81	0.27	0	2.981181	53.383	73.3	OBS
BS.bin.61	76.56	1.21	0	4.233005	5.952	60.9	OBS
R_15_A_1.bin.01	94.84	1.08	0	4.474983	79.333	61.8	R_15
R_15_A_1.bin.02	88.25	0.38	0	3.048731	7.495	46.2	R_15
R_15_A_1.bin.03	99.85	9.26	100	4.592207	42.694	62.2	R_15
R_15_A_1.bin.04	80.59	4.68	0	3.274373	7.202	66.4	R_15
R_15_A_1.bin.05	87.36	0.05	0	2.774296	46.507	64.1	R_15
R_15_A_1.bin.06	75.21	3.07	66.67	2.390141	17.443	69.4	R_15
R_15_A_1.bin.07	99.99	0.39	25	5.2645	112.19	40.4	R_15
R_15_A_1.bin.08	96.13	1.23	28.57	3.185812	84.485	70.9	R_15
R_15_A_2.bin.01	76.48	0.72	0	4.205308	20.907	41.5	R_15
R_15_A_2.bin.02	86.28	6.11	0	3.5757	23.52	64.8	R_15
R_15_A_2.bin.03	87.47	0.37	25	3.103804	33.805	64.1	R_15
R_15_A_2.bin.04	64.6	2.93	0	2.63377	20.731	66.8	R_15
R_15_A_2.bin.05	78.16	3.07	0	2.793568	10.055	69.2	R_15
R_15_A_2.bin.06	58.14	2.81	40	2.04344	2.458	46.8	R_15
R_15_A_2.bin.07	76.55	7.06	0	3.76022	8.568	63	R_15
R_15_A_2.bin.08	92.68	0.11	0	4.751041	230.033	41.9	R_15
R_15_A_2.bin.09	97.03	2.58	0	2.864691	40.508	69.1	R_15
R_15_A_2.bin.10	91.91	0.16	0	3.59265	93.465	42	R_15
R_15_A_2.bin.11	86.83	8.61	50	4.903418	67.053	40.4	R_15
R_15_A_2.bin.12	51.02	8.76	50	2.248269	11.243	68.2	R_15
R_15_A_2.bin.13	70.18	1.28	0	2.136856	20.671	71.2	R_15
R_15_A_2.bin.14	76.3	6.73	0	3.460076	18.058	64	R_15
R_15_A_2.bin.15	84.95	0.58	0	3.368717	24.201	66.3	R_15
R_15_A_2.bin.16	95.33	0.25	33.33	5.609541	43.815	62.8	R_15
R_15_A_2.bin.17	79.31	0.03	0	3.280178	57.203	45	R_15
R_15_A_2.bin.18	84.77	1.41	33.33	3.955154	250.982	40.7	R_15
R_15_A_2.bin.19	97.51	1.14	37.5	3.925188	10.329	64.3	R_15
R_15_A_2.bin.20	87.34	0.05	0	2.567507	61.012	70.9	R_15
R_15_A_3.bin.01	80.54	1.4	0	3.144782	10.123	66	R_15
R_15_A_3.bin.02	77.6	1.96	0	2.972447	21.624	66.6	R_15
R_15_A_3.bin.03	55.43	2.82	0	1.986274	5.313	69.8	R_15
R_15_A_3.bin.04	99.8	0.39	0	5.723597	56.616	62.7	R_15
R_15_A_3.bin.05	91.83	0.52	0	4.463296	47.034	61.8	R_15
R_15_A_3.bin.06	92.96	0.65	42.86	3.046424	80.228	70.9	R_15
R_15_A_3.bin.07	99.44	0.61	7.69	4.038366	24.181	64.1	R_15
R_15_A_3.bin.08	81.27	2.7	40	2.916474	24.617	68.4	R_15
R_15_A_3.bin.09	80.75	3.84	22.22	3.317317	17.529	64.9	R_15
R_15_A_3.bin.10	81.54	3.5	46.15	2.623261	12.801	69.1	R_15
R_15_A_3.bin.11	91.86	1.83	0	3.747191	54.679	64.7	R_15
R_15_A_3.bin.12	99.98	0.42	0	5.498164	617.147	41.6	R_15
R_15_A_3.bin.13	57.04	2.3	64.29	2.01793	5.68	67.7	R_15
R_15_A_3.bin.14	79.39	9.24	80	2.935939	14.249	65	R_15
R_15_A_3.bin.15	84.47	1.49	50	3.056359	6.954	60.6	R_15
R_15_A_3.bin.16	68.45	2.25	0	3.064951	8.637	62.8	R_15
R_15_A_3.bin.17	92.28	1.19	100	3.190373	58.041	64.1	R_15
R_15_A_3.bin.18	92.02	0.34	0	4.285374	81.939	61.8	R_15
R_15_M_1.bin.01	62.82	3.48	0	2.338324	3.551	73.7	R_15
R_15_M_1.bin.02	94.63	0.75	0	4.297839	59.678	61.8	R_15
R_15_M_1.bin.03	96.5	0.01	40	2.758092	25.306	44.7	R_15
R_15_M_1.bin.04	92.86	8.67	20	6.42393	7.227	35.3	R_15
R_15_M_1.bin.05	99.96	0.21	40	3.151561	77.962	70.7	R_15
R_15_M_1.bin.06	87.28	0.76	50	2.708792	17.018	69.2	R_15
R_15_M_1.bin.08	71.71	4.49	12.5	2.594474	9.641	64.9	R_15
R_15_M_1.bin.09	85.01	3.69	33.33	3.270897	20.973	43.7	R_15
R_15_M_1.bin.10	93.36	1.99	0	3.286673	31.166	64	R_15
R_15_M_1.bin.11	100	0.48	20	5.176042	36.516	40.5	R_15
R_15_M_2.bin.01	98.76	0.29	0	5.268441	174.884	41.7	R_15
R_15_M_2.bin.02	76.61	4.71	37.5	3.090111	13.528	64.9	R_15
R_15_M_2.bin.03	84.46	2.04	83.33	2.892229	62.218	66.2	R_15
R_15_M_2.bin.04	91.15	0.65	42.86	3.039774	94.175	71	R_15
R_15_M_2.bin.05	93.86	1.06	0	4.321167	68.249	61.8	R_15
R_15_M_2.bin.06	83.65	6.86	20	3.067512	26.549	70.5	R_15
R_15_M_2.bin.07	68.36	2.19	37.5	2.859477	3.684	73.4	R_15
R_15_M_2.bin.08	87.06	3.34	0	2.834699	36.476	69.1	R_15
R_15_M_2.bin.09	81.54	0.93	50	2.818612	22.67	62.8	R_15
R_15_M_2.bin.10	71.21	0.79	0	2.961256	20.494	65.5	R_15
R_15_M_2.bin.11	99.99	0.7	0	4.437003	33.982	36.5	R_15
R_15_M_2.bin.12	88.6	0.22	0	4.563639	119.734	41.5	R_15
R_15_M_2.bin.13	72.05	3.19	0	2.549958	6.319	67.9	R_15
R_15_M_2.bin.14	87	0	0	3.037187	59.249	64.1	R_15
R_15_M_2.bin.15	60.97	7.56	75	2.19731	9.269	69.8	R_15
R_15_M_2.bin.16	92.68	0.15	33.33	3.943693	50.696	40.9	R_15
R_15_M_2.bin.17	99.77	0.26	25	5.693917	49.818	62.8	R_15
R_15_M_2.bin.18	93.46	0	25	3.973111	42.781	64	R_15
R_15_M_2.bin.19	95.5	1.31	42.86	3.934402	68.018	62.2	R_15
R_15_M_2.bin.20	95.7	1.54	100	3.514191	35.543	66.6	R_15
R_15_M_2.bin.21	100	0.4	0	5.135697	40.505	40.5	R_15
R_15_M_2.bin.23	87.19	1.45	0	3.000755	26.656	63.1	R_15
R_15_M_2.bin.24	74.32	4.24	50	3.215928	19.329	67.2	R_15
R_15_M_3.bin.01	54.73	0.33	53.33	4.414143	25.686	72.6	R_15
R_15_M_3.bin.02	99.94	0.32	0	5.503355	406.637	41.6	R_15
R_15_M_3.bin.03	98.23	6.97	100	4.763387	49.661	62.1	R_15
R_15_M_3.bin.04	99.87	0.19	0	5.591156	57.205	62.8	R_15
R_15_M_3.bin.05	85.21	0.27	0	3.47644	39.797	66.1	R_15
R_15_M_3.bin.06	88.09	2.36	12.5	3.283539	35.379	68.3	R_15
R_15_M_3.bin.07	99.08	1.19	0	2.986008	56.826	68.9	R_15
R_15_M_3.bin.08	85.96	3.57	72.73	3.266561	21.768	69.5	R_15
R_15_M_3.bin.09	83.31	0.1	0	2.693669	35.957	71.1	R_15
R_15_M_3.bin.10	90.66	1.2	0	3.307708	9.307	76	R_15
R_15_M_3.bin.11	79.56	7.4	40	3.218899	10.205	64.9	R_15
R_15_M_3.bin.12	68.58	0.47	0	2.514742	14.901	67.8	R_15
R_15_M_3.bin.13	92.34	0.01	0	4.005883	35.76	64	R_15
R_15_M_3.bin.14	80.31	2.78	0	4.872831	4.048	53.5	R_15
R_15_M_3.bin.15	77.43	4.86	100	3.006181	18.13	66.7	R_15
R_15_M_3.bin.16	59.21	3.08	0	2.480267	5.002	69.7	R_15
R_15_M_3.bin.17	98.46	0.3	0	4.790994	342.622	41.5	R_15
R_15_M_3.bin.19	99.99	0.88	0	4.378526	90.695	36.4	R_15
R_15_M_3.bin.21	97.24	1.54	16.67	3.104901	10.74	66	R_15
R_15_M_3.bin.22	100	0.26	0	4.700671	50.133	40.9	R_15
R_15_M_3.bin.23	95.27	2.39	50	4.443246	78.738	61.7	R_15
R_15_M_3.bin.24	99.99	0.43	0	3.460095	169.799	62.5	R_15
R_15_M_3.bin.25	67.75	5.73	13.33	2.829836	13.03	72.2	R_15
R_15_M_3.bin.26	95.12	0.46	0	4.124272	75.5	64.7	R_15
R_15_M_3.bin.27	95.13	8.1	70.83	4.265928	117.717	63.7	R_15
R_15_M_3.bin.28	78.84	1.11	0	2.446774	30.918	71.5	R_15
R_15_M_3.bin.29	60.69	7.47	0	6.333324	2.106	59.4	R_15
R_15_N_1.bin.01	85.28	4.84	100	4.363773	29.777	35.9	R_15
R_15_N_1.bin.02	55.43	3.88	23.08	2.36213	9.167	65.3	R_15
R_15_N_1.bin.03	98.56	2.23	41.67	4.198722	50.726	62.1	R_15
R_15_N_1.bin.04	100	4.73	0	5.013533	96.831	35.6	R_15
R_15_N_1.bin.05	82.92	0.1	0	2.973503	58.495	64.2	R_15
R_15_N_1.bin.06	70.51	3.5	100	2.480408	9.896	65.2	R_15
R_15_N_1.bin.07	100	0.49	0	5.027319	41.623	40.6	R_15
R_15_N_1.bin.08	95.22	4.57	100	4.558997	60.277	61.9	R_15
R_15_N_1.bin.09	80.16	9.16	50	3.442937	8.185	64	R_15
R_15_N_1.bin.10	99.81	0.02	33.33	3.102642	95.551	70.8	R_15
R_15_N_2.bin.01	83.3	0.83	43.75	4.500606	6.082	62.9	R_15
R_15_N_2.bin.02	80.61	0.07	100	5.665179	21.289	73.5	R_15
R_15_N_2.bin.03	83.19	2.02	0	4.138126	57.902	42.1	R_15
R_15_N_2.bin.04	91.23	3.07	10	3.662093	22.622	70.8	R_15
R_15_N_2.bin.05	94.34	4.35	100	4.551199	64.665	62.1	R_15
R_15_N_2.bin.06	93.54	4.85	33.33	4.278972	67.72	61.8	R_15
R_15_N_2.bin.07	77.95	6.33	23.08	3.277655	11.461	64.9	R_15
R_15_N_2.bin.08	75.45	0.6	16.67	4.344412	4.247	54.1	R_15
R_15_N_2.bin.09	93.32	2.03	14.29	3.035029	39.82	70.8	R_15
R_15_N_2.bin.10	72.92	2.74	0	3.394185	6.218	62.5	R_15
R_15_N_2.bin.11	100	0.32	0	5.039542	40.071	40.6	R_15
R_15_N_2.bin.12	92.57	0.12	0	3.143469	45.922	64.1	R_15
R_15_N_2.bin.13	94.88	1.65	34.78	2.895651	28.653	69	R_15
R_15_N_2.bin.14	91.19	1.4	25	3.786179	159.836	43.7	R_15
R_15_N_3.bin.01	78.81	0.93	0	3.268042	29.963	44.6	R_15
R_15_N_3.bin.02	66.56	4.26	27.27	2.26259	28.081	64.4	R_15
R_15_N_3.bin.04	90.34	3.4	12.5	4.909921	14.352	38	R_15
R_15_N_3.bin.05	99.69	0.5	0	4.070076	22.72	64.2	R_15
R_15_N_3.bin.06	84.13	0.59	0	3.274356	12.46	76.3	R_15
R_15_N_3.bin.08	81.21	2.2	0	6.839259	18.085	73	R_15
R_15_N_3.bin.09	66.45	0.29	0	2.32299	9.315	68.1	R_15
R_15_N_3.bin.10	98.46	1.28	25	5.305949	11.352	54	R_15
R_15_N_3.bin.11	66.31	2.75	60	2.811941	6.031	69.7	R_15
R_15_N_3.bin.12	98.69	0.28	0	5.549351	54.371	62.8	R_15
R_15_N_3.bin.13	70.28	0.18	100	2.194663	14.962	69.7	R_15
R_15_N_3.bin.14	99.97	0.44	50	4.65705	86.653	61.7	R_15
R_15_N_3.bin.15	77.08	1.82	0	3.216217	12.964	68.6	R_15
R_15_N_3.bin.16	90.1	2.31	0	2.785334	35.527	69.1	R_15
R_15_N_3.bin.17	84.34	1.36	87.5	2.840668	24.892	68.4	R_15
R_15_N_3.bin.18	99.98	0.35	0	5.511299	427.301	41.6	R_15
R_15_N_3.bin.19	83.3	4.5	10.87	8.88877	37.296	72.1	R_15
R_15_N_3.bin.20	79.53	0.13	0	2.945658	25.082	66.9	R_15
R_15_N_3.bin.21	92.74	1.64	7.69	3.13114	34.189	66.2	R_15
R_15_N_3.bin.22	52.56	7.12	0	3.609515	3.42	65.6	R_15
R_15_R_1.bin.01	50.9	0.03	0	2.092096	95.4	62	R_15
R_15_R_1.bin.02	80.43	1.33	7.14	3.13995	3.035	44.8	R_15
R_15_R_1.bin.03	94.19	0.69	0	3.347628	31.288	64.1	R_15
R_15_R_1.bin.04	62.22	1.59	0	2.136606	15.883	64.9	R_15
R_15_R_1.bin.05	61.64	4.85	33.33	2.753851	9.309	65	R_15
R_15_R_1.bin.07	57.81	1.58	0	2.204677	10.486	65.3	R_15
R_15_R_1.bin.08	100	0.58	0	5.176341	89.008	40.5	R_15
R_15_R_1.bin.09	89.75	0.24	20	2.943122	73.024	70.9	R_15
R_15_R_2.bin.01	85.69	8.09	66.67	3.245848	10.305	68.4	R_15
R_15_R_2.bin.02	79.53	7.16	20	3.433583	11.128	64.9	R_15
R_15_R_2.bin.03	66.6	3.25	100	2.251514	17.907	64.8	R_15
R_15_R_2.bin.04	94.26	1.69	0	4.474662	71.022	61.8	R_15
R_15_R_2.bin.05	81.88	0.36	100	2.40581	25.646	71.2	R_15
R_15_R_2.bin.06	92.68	0.72	33.33	2.944026	50.804	70.9	R_15
R_15_R_2.bin.07	83.12	2.52	0	2.905673	45.621	64	R_15
R_15_R_2.bin.08	63.67	2.45	26.09	2.153482	3.015	68.8	R_15
R_15_R_2.bin.09	88.31	2.24	100	4.005519	58.976	62.2	R_15
R_15_R_2.bin.10	100	1.36	0	5.197154	115.739	40.5	R_15
R_15_R_3.bin.01	93.88	1.46	0	4.107166	8.972	64	R_15
R_15_R_3.bin.02	91.81	0.27	0	3.071095	73.001	70.9	R_15
R_15_R_3.bin.03	69.25	2.56	100	3.207462	4.523	70.8	R_15
R_15_R_3.bin.04	60.4	0.25	80	2.143724	4.877	68	R_15
R_15_R_3.bin.05	80.84	3.36	0	2.988935	36.415	68.7	R_15
R_15_R_3.bin.06	99.92	0.25	0	5.710585	53.445	62.7	R_15
R_15_R_3.bin.07	88.32	0.97	0	3.70025	35.738	66	R_15
R_15_R_3.bin.08	67.24	5.96	51.52	2.632277	33.029	68.6	R_15
R_15_R_3.bin.09	64.61	7.47	33.33	2.729981	4.581	69.7	R_15
R_15_R_3.bin.10	96.85	1.24	0	4.366007	245.023	38.5	R_15
R_15_R_3.bin.11	93.82	0.03	0	3.172711	51.234	64	R_15
R_15_R_3.bin.12	99.96	0.46	0	5.437876	391.011	41.7	R_15
R_15_R_3.bin.13	62.55	2.19	25	1.95733	6.636	73.4	R_15
R_15_R_3.bin.14	80.55	0.18	0	4.149583	14.389	41.5	R_15
R_15_R_3.bin.15	92.53	0.06	0	3.619317	113.764	64.8	R_15
R_15_R_3.bin.16	92.26	1.45	77.78	3.175997	27.148	68.8	R_15
R_15_R_3.bin.17	99.31	1.97	33.33	4.368735	79.15	61.8	R_15
R_15_R_3.bin.18	100	0.2	0	4.906789	54.852	40.7	R_15
R_15_R_3.bin.19	71.88	2.91	38.89	2.728504	10.169	65	R_15
R_15_R_3.bin.20	92.23	2.54	62.5	4.045464	81.353	62.1	R_15
R_15_T_1.bin.01	80.75	3.15	16.67	3.277202	7.663	66.1	R_15
R_15_T_1.bin.02	77.44	3.63	97.22	3.344758	56.115	61.3	R_15
R_15_T_1.bin.03	100	1.46	33.33	3.714592	58.298	44.3	R_15
R_15_T_1.bin.04	64.33	4.1	0	1.415094	28.997	65.8	R_15
R_15_T_1.bin.05	70.9	1.17	20	2.703613	9.647	64.9	R_15
R_15_T_1.bin.06	68.87	1.48	0	2.313931	37.648	62.1	R_15
R_15_T_1.bin.07	81.4	0.04	33.33	3.630944	29.786	44.6	R_15
R_15_T_1.bin.08	99.95	0.2	42.86	3.12813	132.864	70.8	R_15
R_15_T_1.bin.09	100	0.5	0	5.145328	37.157	40.5	R_15
R_15_T_1.bin.10	89.87	0.07	50	3.168011	51.946	64.1	R_15
R_15_T_2.bin.01	89.85	0.09	40	3.179826	39.052	64	R_15
R_15_T_2.bin.02	91.79	0.98	0	3.094803	70.579	70.9	R_15
R_15_T_2.bin.03	93.22	2.32	12.5	3.980039	77.269	62	R_15
R_15_T_2.bin.04	79.69	2.07	16.67	3.431797	13.578	43.8	R_15
R_15_T_2.bin.05	67.96	6.95	19.35	2.845095	9.445	65	R_15
R_15_T_2.bin.06	70.3	1.6	33.33	2.625464	17.368	65.5	R_15
R_15_T_2.bin.07	61.03	3.33	31.43	2.608318	6.791	67.6	R_15
R_15_T_2.bin.08	100	1.08	0	5.087947	110.56	40.6	R_15
R_15_T_2.bin.09	85.36	5.35	30	5.023355	4.296	35.6	R_15
R_15_T_2.bin.10	92.61	1.21	100	4.543708	55.025	61.8	R_15
R_15_T_3.bin.01	86.52	0.68	0	3.093331	39.41	64	R_15
R_15_T_3.bin.02	65.56	0.75	80	2.588593	33.015	62.1	R_15
R_15_T_3.bin.04	90.48	1.09	31.25	5.16845	14.503	62.9	R_15
R_15_T_3.bin.05	95.08	1.98	0	3.045616	33.929	68.8	R_15
R_15_T_3.bin.06	96.26	0	25	3.062054	79.04	70.8	R_15
R_15_T_3.bin.07	100	0.59	0	5.146994	91.335	40.5	R_15
R_15_T_3.bin.08	79.06	7.72	0	2.578407	20.687	65	R_15
R_15_T_3.bin.09	84.91	1.8	0	3.297954	6.781	76	R_15
R_15_T_3.bin.10	66.31	4.97	0	2.894908	9.634	64.9	R_15
R_15_T_3.bin.11	94.82	3.56	50	4.314417	63.29	62.2	R_15
R_30_A_1.bin.01	77.43	0.23	22.22	3.013905	8.38	64.5	R_30
R_30_A_1.bin.03	97.86	1.14	33.33	2.95864	27.312	69	R_30
R_30_A_1.bin.04	57	4.58	44.44	1.876936	7.93	69.5	R_30
R_30_A_1.bin.05	75.51	1.26	0	2.84028	13.171	65	R_30
R_30_A_1.bin.06	81.58	0.58	0	3.201952	21.633	66.3	R_30
R_30_A_1.bin.07	95.66	2.68	0	4.649827	143.674	62	R_30
R_30_A_1.bin.08	84.11	3.91	0	2.981131	21.633	68.5	R_30
R_30_A_1.bin.09	99.88	0.23	0	5.748193	57.182	62.7	R_30
R_30_A_1.bin.10	66.37	0.16	100	2.486473	9.952	71.1	R_30
R_30_A_1.bin.11	98.45	0.63	0	5.11742	46.233	40.5	R_30
R_30_A_1.bin.12	75.24	3.78	0	2.845052	22.721	72.1	R_30
R_30_A_1.bin.13	74.59	3.21	50	4.178214	21.82	62	R_30
R_30_A_1.bin.14	93.17	1.01	0	3.299712	54.645	64	R_30
R_30_A_1.bin.15	80.02	1.43	71.43	6.498333	21.316	72.3	R_30
R_30_A_1.bin.16	79.98	0.17	50	2.35129	23.581	69.3	R_30
R_30_A_1.bin.17	99.59	2.62	65	3.216625	81.292	70.7	R_30
R_30_A_2.bin.01	59.13	4.54	0	2.422111	4.642	71.1	R_30
R_30_A_2.bin.02	73.79	0.56	75	2.588528	13.817	70.8	R_30
R_30_A_2.bin.03	95.21	0.99	33.33	3.078638	75.366	70.8	R_30
R_30_A_2.bin.04	72.48	4.83	0	2.770973	16.235	71.2	R_30
R_30_A_2.bin.05	99.96	0.41	33.33	5.66872	51.75	62.7	R_30
R_30_A_2.bin.06	88.47	1.1	16.67	3.983539	53.356	65.9	R_30
R_30_A_2.bin.07	93.99	6.88	9.09	3.666399	32.147	66.8	R_30
R_30_A_2.bin.08	77.85	2.05	11.11	3.445511	12.679	73.8	R_30
R_30_A_2.bin.09	90.52	0.58	0	5.221517	24.585	62	R_30
R_30_A_2.bin.10	89.32	0.51	100	2.81749	17.371	70.8	R_30
R_30_A_2.bin.11	71.5	3.43	0	2.966858	12.409	69	R_30
R_30_A_2.bin.12	82.86	1.56	0	6.06158	4.038	49.9	R_30
R_30_A_2.bin.13	78.71	2.41	0	6.661864	11.255	72.6	R_30
R_30_A_2.bin.14	88.57	5.29	66.67	4.602211	25.821	61.9	R_30
R_30_A_2.bin.15	100	0.54	40	3.308388	57.353	64	R_30
R_30_A_2.bin.16	82.17	2.41	100	3.570589	15.142	65.8	R_30
R_30_A_2.bin.17	90.83	2.22	77.78	2.732971	17.561	69	R_30
R_30_A_3.bin.01	81.33	0.21	0	2.626175	34.212	71	R_30
R_30_A_3.bin.02	90.29	0.93	80	2.737307	24.414	69.1	R_30
R_30_A_3.bin.03	56.17	4.79	20	2.6691	3.829	70.9	R_30
R_30_A_3.bin.04	87.04	2.03	0	3.037042	11.315	65.4	R_30
R_30_A_3.bin.05	84.14	0	16.67	3.583971	10.822	64.3	R_30
R_30_A_3.bin.06	99.38	0	0	5.378184	53.246	62.8	R_30
R_30_A_3.bin.07	99.83	1.26	0	4.668166	91.92	61.7	R_30
R_30_A_3.bin.08	90.31	0.3	57.14	3.118956	20.468	64	R_30
R_30_A_3.bin.09	82.13	0.73	60	2.959846	24.152	70.7	R_30
R_30_A_3.bin.10	56.11	3.62	0	2.736841	2.424	74	R_30
R_30_A_3.bin.11	95.44	3.75	16.67	4.833633	59.753	66.2	R_30
R_30_A_3.bin.12	85.91	1.44	0	2.324768	12.455	64.4	R_30
R_30_M_1.bin.01	95.84	2.62	16.67	3.861961	26.05	73.6	R_30
R_30_M_1.bin.02	64.85	1.1	10	2.05461	2.987	69.1	R_30
R_30_M_1.bin.03	95.52	0.43	33.33	2.759021	27.267	69.1	R_30
R_30_M_1.bin.04	79.41	5.2	66.67	3.145623	23.25	68.2	R_30
R_30_M_1.bin.05	91.2	3.84	53.85	3.242415	23.441	64.1	R_30
R_30_M_1.bin.06	89.38	2.33	66.67	2.910167	31.809	70.9	R_30
R_30_M_1.bin.07	75.66	3.74	0	2.658685	9.503	69.4	R_30
R_30_M_1.bin.08	99.06	0.03	0	5.482721	54.593	62.8	R_30
R_30_M_1.bin.09	97.36	0.66	100	7.488597	31.453	72.3	R_30
R_30_M_1.bin.10	82.66	0.5	40	3.157022	13.247	64.2	R_30
R_30_M_1.bin.11	65.27	1.7	16.67	2.357993	6.779	73.7	R_30
R_30_M_1.bin.14	83.45	0.15	0	3.840733	37.301	41.4	R_30
R_30_M_1.bin.16	77.86	1.69	66.67	3.297379	23.946	66.4	R_30
R_30_M_2.bin.01	87.08	2.07	50	3.308429	23.85	62.6	R_30
R_30_M_2.bin.02	64.05	6.48	100	2.26679	5.032	71.1	R_30
R_30_M_2.bin.03	89.2	0.39	50	2.830237	56.28	69.5	R_30
R_30_M_2.bin.06	80.48	2.45	15.38	2.690384	29.721	69.5	R_30
R_30_M_2.bin.07	81.84	4.97	14.29	4.470998	10.192	61	R_30
R_30_M_2.bin.08	81.02	0.23	25	2.526567	55.949	66.9	R_30
R_30_M_2.bin.09	88.66	0.83	33.33	3.372924	14.905	73.6	R_30
R_30_M_2.bin.10	75.91	0.59	0	4.052508	7.914	54.4	R_30
R_30_M_2.bin.11	81.58	2.53	100	2.912593	11.632	70.9	R_30
R_30_M_2.bin.12	99.67	0.4	0	5.056313	82.81	40.5	R_30
R_30_M_2.bin.13	83.1	0.51	100	5.347714	14.457	50	R_30
R_30_M_2.bin.14	66.63	0.61	0	2.216064	16.988	71.1	R_30
R_30_M_2.bin.15	82.15	4.98	0	4.251574	6.315	38.4	R_30
R_30_M_2.bin.16	99.94	0.22	0	5.675133	53.144	62.7	R_30
R_30_M_2.bin.17	84.12	0.62	0	3.229952	13.028	66.6	R_30
R_30_M_2.bin.18	74.89	0.13	0	2.84678	10.939	65.7	R_30
R_30_M_2.bin.19	92.87	0.05	20	3.05207	92.76	70.8	R_30
R_30_M_2.bin.20	99.96	0.23	11.11	4.336095	45.119	63.8	R_30
R_30_M_2.bin.21	80.08	1.42	26.67	2.370849	25.572	69.1	R_30
R_30_M_2.bin.22	94.31	0.18	0	3.200406	39.825	64	R_30
R_30_M_2.bin.23	65.16	1.25	0	4.329833	2.441	49.6	R_30
R_30_M_2.bin.24	61.52	4.79	40	2.301883	20.402	69	R_30
R_30_M_2.bin.25	95.71	2.87	44.44	3.219632	11.067	66.8	R_30
R_30_M_3.bin.01	71.34	4.59	11.76	2.614607	9.335	69.6	R_30
R_30_M_3.bin.02	76.85	6.03	33.33	2.889405	7.081	70.7	R_30
R_30_M_3.bin.03	94.14	1.61	66.67	4.454394	54.675	61.8	R_30
R_30_M_3.bin.04	91.11	1.92	60	3.253861	51.892	71.8	R_30
R_30_M_3.bin.05	99.89	0.46	50	3.026166	38.236	69	R_30
R_30_M_3.bin.06	99.9	0.16	0	5.599076	56.857	62.7	R_30
R_30_M_3.bin.07	82.86	0.66	29.41	3.94072	5.925	64.1	R_30
R_30_N_1.bin.01	99.01	0.21	100	3.603965	45.603	66.1	R_30
R_30_N_1.bin.02	67.63	7.97	50	2.318421	5.343	73.2	R_30
R_30_N_1.bin.04	81.89	0.35	0	3.535469	27.838	38.5	R_30
R_30_N_1.bin.05	51.45	0.56	0	1.873868	11.449	71.1	R_30
R_30_N_1.bin.06	99.55	0.24	0	5.53685	49.771	62.8	R_30
R_30_N_1.bin.07	82.64	1.14	100	3.144936	14.087	73.9	R_30
R_30_N_1.bin.08	79.9	3.84	68.18	2.478934	14.973	69.4	R_30
R_30_N_1.bin.09	72.39	1.22	0	2.607211	5.958	73.5	R_30
R_30_N_1.bin.10	58.97	1.31	0	2.269521	14.863	70.9	R_30
R_30_N_1.bin.11	83.77	3.4	76.47	2.805728	34.088	70.3	R_30
R_30_N_1.bin.12	79.79	1.89	33.33	2.351642	6.135	70.9	R_30
R_30_N_1.bin.13	99.95	0.08	0	3.465675	127.936	38.6	R_30
R_30_N_1.bin.14	93.47	1.26	0	5.240028	21.298	54.2	R_30
R_30_N_1.bin.15	83.38	3.84	11.11	2.384702	25.098	71.3	R_30
R_30_N_1.bin.16	100	2.01	0	5.034429	186.09	40.7	R_30
R_30_N_1.bin.17	81.68	3.94	0	3.657999	14.24	35.6	R_30
R_30_N_1.bin.18	84.32	0.08	0	3.463229	78.685	34.8	R_30
R_30_N_1.bin.19	75.86	5.16	0	4.14198	21.221	61.9	R_30
R_30_N_1.bin.20	89.99	1.14	40	3.158614	50.597	64	R_30
R_30_N_1.bin.21	93.16	1.42	0	2.85373	34.285	69	R_30
R_30_N_1.bin.22	81.48	8.29	66.67	4.701301	10.662	61.6	R_30
R_30_N_1.bin.23	70.21	1.75	50	2.551218	12.771	64.7	R_30
R_30_N_1.bin.24	99.96	0.02	33.33	3.120051	110.087	70.8	R_30
R_30_N_1.bin.25	87.11	7.81	36.54	3.399111	24.778	68.3	R_30
R_30_N_2.bin.01	95.87	0.68	0	3.196243	24.088	64	R_30
R_30_N_2.bin.03	100	0.6	0	5.211672	58.144	40.4	R_30
R_30_N_2.bin.04	80.68	5.27	0	3.384779	16.968	69.5	R_30
R_30_N_2.bin.05	93.37	7.23	0	4.713541	41.466	61.7	R_30
R_30_N_2.bin.06	94.16	0.34	0	3.105589	106.765	66.3	R_30
R_30_N_2.bin.07	100	0.62	0	4.407659	96.536	63.8	R_30
R_30_N_2.bin.08	99.92	0.19	33.33	5.698898	52.981	62.7	R_30
R_30_N_2.bin.09	96.9	0.44	37.5	3.881828	21.218	73.5	R_30
R_30_N_2.bin.11	89.68	0.72	28.57	2.993396	46.112	70.8	R_30
R_30_N_2.bin.12	85.7	5.08	57.14	2.932252	25.292	70.1	R_30
R_30_N_2.bin.13	89.87	1.07	40	2.76924	24.797	69	R_30
R_30_N_2.bin.14	62.91	0.26	0	2.333566	13.735	70.7	R_30
R_30_N_2.bin.15	77.63	0.64	100	2.906511	15.58	70.8	R_30
R_30_N_3.bin.01	59.27	0.77	0	2.017403	3.135	67.1	R_30
R_30_N_3.bin.02	99.87	0.64	50	2.91675	47.386	69	R_30
R_30_N_3.bin.03	73.21	0.67	5	3.394511	6.757	63.9	R_30
R_30_N_3.bin.04	97.66	4.8	0	4.675967	77.692	61.7	R_30
R_30_N_3.bin.05	75.16	3.32	100	5.906461	15.114	73.7	R_30
R_30_N_3.bin.06	99.69	0.17	0	5.700381	56.857	62.7	R_30
R_30_R_1.bin.01	66.72	2.15	0	2.764302	4.291	73.5	R_30
R_30_R_1.bin.02	97.84	0.36	33.33	3.111898	63.81	70.8	R_30
R_30_R_1.bin.04	98.78	1.03	14.29	5.176476	13.812	44.3	R_30
R_30_R_1.bin.05	90.66	3.72	0	4.609339	23.76	61.9	R_30
R_30_R_1.bin.06	78.57	0.48	0	2.817432	26.07	64.5	R_30
R_30_R_1.bin.07	81.26	0	0	3.261069	136.679	34.8	R_30
R_30_R_1.bin.08	86.24	0.06	50	3.434594	37.832	66.2	R_30
R_30_R_1.bin.09	91.08	0.22	0	3.14421	45.356	64.1	R_30
R_30_R_1.bin.10	98.99	0	0	5.233792	52.466	62.9	R_30
R_30_R_1.bin.11	76.24	0.1	40	2.410241	14.572	69.4	R_30
R_30_R_2.bin.01	57.49	4.08	33.33	2.093596	3.13	67.2	R_30
R_30_R_2.bin.02	67.57	2.31	50	2.543012	5.091	67.8	R_30
R_30_R_2.bin.03	89.66	0.44	16.67	2.934792	65.584	70.3	R_30
R_30_R_2.bin.04	94.71	1.71	90.91	2.936467	16.208	71.2	R_30
R_30_R_2.bin.05	70.38	4.15	27.78	2.684578	10.912	69.1	R_30
R_30_R_2.bin.06	84.84	1.18	80	3.343076	17.541	73.7	R_30
R_30_R_2.bin.08	70.45	1.79	0	2.825067	12.849	69.5	R_30
R_30_R_2.bin.09	87.16	0	25	2.889055	82	71.2	R_30
R_30_R_2.bin.11	55.73	7.44	71.43	1.893774	18.493	68.5	R_30
R_30_R_2.bin.12	82.85	0.46	40	6.482673	6.948	49.7	R_30
R_30_R_2.bin.13	85.19	2.43	50	2.993766	33.855	62.9	R_30
R_30_R_2.bin.14	60.51	9.32	57.14	2.855441	3.863	66.8	R_30
R_30_R_2.bin.15	99.81	0.12	25	5.61234	49.258	62.8	R_30
R_30_R_2.bin.16	87.97	1.44	100	3.202296	11.812	70.7	R_30
R_30_R_2.bin.17	93.25	0.41	0	3.206535	30.983	64	R_30
R_30_R_3.bin.01	87.06	2.14	50	3.271148	29.679	69.5	R_30
R_30_R_3.bin.02	64.36	7.51	14.29	2.783119	5.644	70.9	R_30
R_30_R_3.bin.03	80.17	0.09	66.67	2.885436	14.598	70.8	R_30
R_30_R_3.bin.04	70.18	0.26	100	2.638653	14.51	73.9	R_30
R_30_R_3.bin.05	55.26	4.47	0	2.435413	5.328	71	R_30
R_30_R_3.bin.07	84.12	3.4	75	7.116775	9.36	72.3	R_30
R_30_R_3.bin.09	85.55	0.93	20.83	3.727392	7.656	64.1	R_30
R_30_R_3.bin.10	99.9	0.3	0	5.56718	53.517	62.8	R_30
R_30_R_3.bin.11	99.91	0.59	33.33	3.058052	51.178	68.9	R_30
R_30_T_1.bin.01	86.46	3.56	33.33	3.176738	28.154	68.9	R_30
R_30_T_1.bin.02	81.42	3.43	0	2.697831	21.103	71.4	R_30
R_30_T_1.bin.04	99.97	1.61	71.43	3.163277	81.636	70.8	R_30
R_30_T_1.bin.05	82.42	0	0	3.24798	131.697	35	R_30
R_30_T_1.bin.06	81.88	2.31	16.67	3.31409	5.885	75.9	R_30
R_30_T_1.bin.07	95.78	0.2	0	3.525459	45.933	38.9	R_30
R_30_T_1.bin.08	77.99	0.94	50	2.267189	18.539	69.3	R_30
R_30_T_1.bin.09	99.95	0.43	20	5.976434	43.985	62.7	R_30
R_30_T_1.bin.10	93.7	0.11	0	3.234922	56.269	64	R_30
R_30_T_1.bin.11	79.3	1.69	30	3.637948	20.556	37.3	R_30
R_30_T_1.bin.12	99.52	0.13	0	3.806681	54.423	65.9	R_30
R_30_T_2.bin.01	99.55	0.38	25	5.438382	46.631	62.8	R_30
R_30_T_2.bin.02	97.02	0.01	20	3.144281	95.856	70.8	R_30
R_30_T_2.bin.03	61.5	4.89	28.57	2.243097	4.873	71.2	R_30
R_30_T_2.bin.04	68.04	3.33	0	2.922401	7.472	70.7	R_30
R_30_T_2.bin.05	84.64	2.81	20	2.753909	49.674	69.5	R_30
R_30_T_2.bin.06	91.94	4.2	100	4.49536	68.595	61.7	R_30
R_30_T_2.bin.07	99.17	0.09	0	3.212025	65.167	68.7	R_30
R_30_T_2.bin.08	80.05	0.91	50	2.813844	14.294	71.2	R_30
R_30_T_2.bin.09	65.75	0.54	42.86	2.741441	2.597	64.2	R_30
R_30_T_2.bin.10	82.53	5.01	38.46	3.204504	13.793	68.3	R_30
R_30_T_2.bin.11	85.65	0.89	42.86	3.078891	60.768	64.1	R_30
R_30_T_2.bin.13	79.46	0.09	100	2.313416	17.109	69.3	R_30
R_30_T_2.bin.14	76.04	0.03	100	3.079445	27.545	66.2	R_30
R_30_T_2.bin.15	68.99	3.97	33.33	2.497985	9.535	71.6	R_30
R_30_T_2.bin.16	51.06	0	0	1.841201	20.756	63.3	R_30
R_30_T_3.bin.01	99.84	0.25	33.33	5.782938	66.916	62.7	R_30
R_30_T_3.bin.02	81.35	0.21	66.67	2.537974	18.552	69.3	R_30
R_30_T_3.bin.03	67.87	3.6	7.69	2.300694	21.609	71.1	R_30
R_30_T_3.bin.04	76.7	1.86	10.53	2.613436	9.211	66.6	R_30
R_30_T_3.bin.05	92.56	1.42	73.33	3.07481	81.958	70.9	R_30
R_30_T_3.bin.06	92.65	2.29	33.33	2.759201	8.228	70.9	R_30
R_30_T_3.bin.07	100	1.5	7.69	4.593142	33.533	64	R_30
R_30_T_3.bin.08	65.18	1.56	0	3.718155	2.447	53.7	R_30
R_30_T_3.bin.09	87.99	1.2	7.14	3.123229	32.588	64.2	R_30
R_30_T_3.bin.10	59.79	5.29	36.84	3.631581	4.326	62.8	R_30
R_30_T_3.bin.11	86.4	1.39	27.27	3.619905	15.315	73.7	R_30
R_30_T_3.bin.12	76.85	7.93	50	3.0349	12.584	62.7	R_30
R_30_T_3.bin.13	78.71	4.96	0	2.600085	8.92	71.2	R_30
R_30_T_3.bin.14	90.5	1.27	0	3.058641	35.797	64.2	R_30
R_30_T_3.bin.15	78.95	5.98	33.33	3.846528	55.648	61.7	R_30
R_45_A_1.bin.01	96.92	0.02	100	3.939526	81.579	46.1	R_45
R_45_A_1.bin.02	100	1.69	0	3.656581	285.39	38.9	R_45
R_45_A_1.bin.03	86.06	0.69	100	7.180887	17.99	72.7	R_45
R_45_A_1.bin.04	92.96	3.86	10	6.407351	40.581	59.6	R_45
R_45_A_1.bin.05	96.96	0.84	100	3.403267	60.228	70.7	R_45
R_45_A_1.bin.06	99.99	0.14	9.52	4.689929	79.631	41.9	R_45
R_45_A_1.bin.08	96.18	0.02	0	6.532206	118.166	49.8	R_45
R_45_A_1.bin.09	99.66	0.19	50	3.48988	71.95	41.8	R_45
R_45_A_1.bin.10	95.27	2.02	0	3.931084	14.216	72.1	R_45
R_45_A_1.bin.11	83.79	0.2	25	3.923266	195.802	37.2	R_45
R_45_A_1.bin.12	93.96	0.8	6.67	4.460743	84.235	35.3	R_45
R_45_A_1.bin.13	85.49	1.53	0	2.878574	25.383	72.7	R_45
R_45_A_1.bin.14	60.66	0.34	0	2.117242	15.364	39.3	R_45
R_45_A_1.bin.15	99.34	0.37	0	4.791132	77.487	63.2	R_45
R_45_A_1.bin.16	50.09	3.56	65	2.215882	13.365	35.8	R_45
R_45_A_1.bin.17	87.86	0.1	66.67	3.76797	25.544	72.1	R_45
R_45_A_1.bin.18	92.67	0.21	0	3.970139	46.565	40.9	R_45
R_45_A_1.bin.19	84.26	1.25	66.67	3.153549	11.817	74.1	R_45
R_45_A_1.bin.20	89.26	0.27	0	4.845752	49.461	56.5	R_45
R_45_A_1.bin.21	66.16	0.31	0	2.65764	50.152	34.5	R_45
R_45_A_1.bin.22	93.91	1.75	0	2.971297	7.109	40.9	R_45
R_45_A_1.bin.24	82.91	1.63	14.29	4.924268	5.251	48	R_45
R_45_A_1.bin.25	65.9	0.77	0	2.865088	44.903	41.6	R_45
R_45_A_1.bin.26	100	4.16	0	5.180191	218.03	43.3	R_45
R_45_A_1.bin.27	75.08	1.92	0	2.792158	6.834	70.3	R_45
R_45_A_2.bin.01	88.85	2.05	88.89	3.492802	40.523	69.9	R_45
R_45_A_2.bin.02	93.49	0.1	50	3.754912	30.34	72.2	R_45
R_45_A_2.bin.03	100	0	0	5.38495	162.497	67.7	R_45
R_45_A_2.bin.04	100	0.67	0	5.203717	190.712	35.4	R_45
R_45_A_2.bin.05	88.43	1.71	66.67	3.380019	15.698	73.8	R_45
R_45_A_2.bin.06	95.25	0.49	50	3.229186	63.741	70.7	R_45
R_45_A_2.bin.07	77.85	0.09	50	2.978831	55.546	64.3	R_45
R_45_A_2.bin.08	95.05	0.28	12.5	4.739372	71.223	70.3	R_45
R_45_A_2.bin.09	98.88	3.11	12.5	3.155112	46.502	70.1	R_45
R_45_A_2.bin.10	88.38	1.28	100	3.78548	37.455	72.2	R_45
R_45_A_2.bin.11	82.12	0.53	0	3.415409	26.137	41.3	R_45
R_45_A_2.bin.12	79.17	1.64	0	2.828351	2.838	42.4	R_45
R_45_A_3.bin.01	99.72	0.78	100	3.222103	73.098	70.7	R_45
R_45_A_3.bin.02	90.42	0.23	0	5.940333	136.467	52	R_45
R_45_A_3.bin.03	83.93	3.48	55.56	7.208376	10.643	72.6	R_45
R_45_A_3.bin.04	82.64	0.12	0	4.360651	73.262	56.3	R_45
R_45_A_3.bin.05	100	3.13	9.09	9.010498	80.8	71.5	R_45
R_45_A_3.bin.06	100	1.96	0	5.3982	150.138	35.2	R_45
R_45_A_3.bin.07	82.91	3.6	12.5	4.993911	5.202	67.9	R_45
R_45_A_3.bin.08	75.2	2.02	50	5.654829	5.912	74.1	R_45
R_45_A_3.bin.09	99.96	2.27	0	5.580991	489.781	69.8	R_45
R_45_A_3.bin.10	97.05	3.42	0	3.239015	41.439	70.1	R_45
R_45_A_3.bin.11	79.93	0.75	75	2.945418	14.008	74.1	R_45
R_45_A_3.bin.12	99.59	1.21	25	5.036997	118.036	63	R_45
R_45_M_1.bin.01	99.76	4.55	14.29	3.591087	62.83	42.7	R_45
R_45_M_1.bin.02	76.19	3.48	42.86	7.177748	8.088	71.1	R_45
R_45_M_1.bin.03	99.99	0.77	0	4.257612	308.026	44.3	R_45
R_45_M_1.bin.04	91.96	0.99	41.67	3.488654	31.428	44	R_45
R_45_M_1.bin.05	88.83	1.68	18.75	3.578899	24.315	44.3	R_45
R_45_M_1.bin.06	96.8	2.7	33.33	3.282904	52.781	70.7	R_45
R_45_M_1.bin.07	96.35	0.01	100	3.995841	40.923	45.9	R_45
R_45_M_1.bin.08	100	0.07	0	4.667465	34.737	41.8	R_45
R_45_M_1.bin.09	72.55	2.17	100	3.078299	4.188	41.3	R_45
R_45_M_1.bin.10	100	0.8	33.33	3.42111	28.266	42.6	R_45
R_45_M_1.bin.11	92.43	0.64	0	3.314521	27.692	74.2	R_45
R_45_M_2.bin.01	96.28	0.02	0	4.242883	36.085	41.8	R_45
R_45_M_2.bin.02	96.34	0.45	40	4.591543	66.789	63.2	R_45
R_45_M_2.bin.03	96.22	2.14	0	6.118683	210.543	54.4	R_45
R_45_M_2.bin.04	99.75	0.93	0	4.479567	110.525	43.8	R_45
R_45_M_2.bin.05	86	1.64	14.29	5.086068	13.745	52.9	R_45
R_45_M_2.bin.06	86.52	2.68	36.36	9.034838	18.457	71.4	R_45
R_45_M_2.bin.07	68.79	1.48	0	2.753403	6.234	44.1	R_45
R_45_M_2.bin.08	100	0.38	0	3.238733	160.719	70.1	R_45
R_45_M_2.bin.09	91.92	0.07	100	2.589833	24.426	70.9	R_45
R_45_M_2.bin.10	77.36	1.83	0	4.256183	9.259	69.9	R_45
R_45_M_2.bin.11	96.02	0.95	0	4.381308	70.92	35.3	R_45
R_45_M_2.bin.12	88.64	0.64	100	3.347145	15.973	74.1	R_45
R_45_M_2.bin.13	99.97	1.4	28.57	5.7761	72.567	47.8	R_45
R_45_M_2.bin.14	87.4	5.07	0	5.268437	12.008	67.9	R_45
R_45_M_3.bin.01	86.06	6.6	100	3.79841	10.828	74	R_45
R_45_M_3.bin.02	78.46	1.96	100	3.478544	5.582	75.5	R_45
R_45_M_3.bin.03	75.82	0.84	66.67	6.175577	24.296	72.9	R_45
R_45_M_3.bin.04	100	0.75	0	5.079302	254.678	35.4	R_45
R_45_M_3.bin.05	94.58	0.58	0	6.126639	28.208	52.8	R_45
R_45_M_3.bin.06	100	1.48	0	5.426609	33.975	69.8	R_45
R_45_M_3.bin.07	98.49	0.02	0	4.08035	462.703	45.9	R_45
R_45_M_3.bin.08	94.46	0.17	16.67	5.126129	11.239	67.7	R_45
R_45_M_3.bin.09	99.32	2.58	10	8.309918	77.456	72.2	R_45
R_45_M_3.bin.10	99.99	2.27	33.33	5.976637	124.628	47.6	R_45
R_45_M_3.bin.11	55.41	9.71	66.67	5.172271	17.965	72.8	R_45
R_45_N_1.bin.02	99.68	0.65	0	3.164653	65.722	70.8	R_45
R_45_N_1.bin.03	68.46	4.61	0	3.391478	2.674	39.2	R_45
R_45_N_1.bin.04	75.36	0.97	16.67	2.860306	5.299	74	R_45
R_45_N_1.bin.05	81.11	0.45	0	3.183106	32.593	34.9	R_45
R_45_N_1.bin.06	85.1	0.69	0	2.798917	45.642	43.6	R_45
R_45_N_1.bin.07	77.66	0.16	0	3.146873	33.865	38.4	R_45
R_45_N_1.bin.09	93.89	0.25	0	3.916942	100.16	41	R_45
R_45_N_1.bin.10	99.99	0.01	0	4.118478	855.677	45.8	R_45
R_45_N_1.bin.11	89.95	0	25	3.90179	301.522	37.2	R_45
R_45_N_1.bin.12	81.88	1.3	0	3.375598	41.904	34.8	R_45
R_45_N_1.bin.13	99.97	1.16	0	4.250613	79.08	44.5	R_45
R_45_N_2.bin.01	99.99	0.27	0	2.941229	376.758	70.5	R_45
R_45_N_2.bin.02	92.81	1.36	25	4.132066	14.02	62.8	R_45
R_45_N_2.bin.03	100	1.37	6.25	4.951872	56.905	35.3	R_45
R_45_N_2.bin.04	99.98	1.59	5.88	4.364432	302.922	45.8	R_45
R_45_N_2.bin.05	93.23	0.54	50	3.927726	535.347	70.6	R_45
R_45_N_2.bin.06	80.23	1.37	57.14	3.515806	104.195	64	R_45
R_45_N_2.bin.07	99.45	0.31	0	3.72908	235.569	69.8	R_45
R_45_N_2.bin.08	76.24	1.34	0	3.096395	106.163	64.7	R_45
R_45_N_2.bin.09	100	0.02	0	3.910667	392.814	43.6	R_45
R_45_N_2.bin.10	86.19	2.78	7.41	5.249966	3.501	36.7	R_45
R_45_N_2.bin.11	99.99	0.47	0	3.173733	156.45	70.1	R_45
R_45_N_3.bin.01	100	0	0	5.480143	84.819	67.6	R_45
R_45_N_3.bin.02	100	1.39	0	5.279762	163.555	35.7	R_45
R_45_N_3.bin.03	99.46	0.11	0	6.16443	110.192	53.2	R_45
R_45_N_3.bin.04	92.22	1.01	10	9.655506	58.193	73.2	R_45
R_45_N_3.bin.05	85.22	0.43	100	3.21469	20.166	74	R_45
R_45_N_3.bin.06	95.86	1.69	33.33	3.093497	62.222	70.8	R_45
R_45_N_3.bin.07	94.77	1.47	0	8.290481	48.726	72.4	R_45
R_45_N_3.bin.08	99.94	1.21	25	5.277219	101.555	63.1	R_45
R_45_N_3.bin.09	100	0.03	0	4.188886	995.635	45.8	R_45
R_45_N_3.bin.10	99.9	2.06	33.33	5.634201	64.415	47.7	R_45
R_45_N_3.bin.11	96.83	3.89	0	5.477082	94.081	35.9	R_45
R_45_N_3.bin.12	87.22	1.27	60	7.040648	28.446	72.6	R_45
R_45_N_3.bin.13	97.14	0.08	0	3.169388	450.69	70.2	R_45
R_45_N_3.bin.14	75.02	0.71	0	4.592721	14.636	75	R_45
R_45_N_3.bin.15	87.53	0.22	50	5.15233	15.547	74	R_45
R_45_R_1.bin.02	99.99	0.02	25	4.509937	353.691	37.4	R_45
R_45_R_1.bin.03	99.97	0.47	0	3.25084	74.939	70.6	R_45
R_45_R_1.bin.04	85.4	0.3	0	3.506708	62.692	38.8	R_45
R_45_R_1.bin.05	85.37	7.13	0	4.92272	6.439	62.4	R_45
R_45_R_1.bin.06	86.05	0.02	0	3.59846	68.757	34.8	R_45
R_45_R_1.bin.07	92.98	0.3	100	3.615277	25.707	72.2	R_45
R_45_R_1.bin.08	83.62	0.05	50	3.216698	12.455	74	R_45
R_45_R_1.bin.09	100	0.04	0	4.168828	2176.881	45.8	R_45
R_45_R_1.bin.10	99.71	0.35	14.29	3.853302	66.037	69.8	R_45
R_45_R_1.bin.11	94.28	5.52	11.11	4.518228	114.475	36.3	R_45
R_45_R_1.bin.12	70.54	2.11	50	2.522396	4.039	45	R_45
R_45_R_1.bin.13	61.77	7.02	10	3.084248	3.071	39.8	R_45
R_45_R_1.bin.14	100	0.38	0	3.713333	201.65	41.5	R_45
R_45_R_1.bin.15	99.99	0.02	0	3.01338	99.433	72.5	R_45
R_45_R_1.bin.16	89.11	6.17	15.38	3.843236	32.804	72.2	R_45
R_45_R_1.bin.17	83.73	2.47	20	3.0404	80.213	73.1	R_45
R_45_R_2.bin.01	87.43	0.64	9.09	7.513211	27.213	73.4	R_45
R_45_R_2.bin.02	85.26	2.38	40	3.738423	26.396	72	R_45
R_45_R_2.bin.03	74.89	0.08	37.5	3.012319	42.091	43	R_45
R_45_R_2.bin.05	69.21	1.38	33.33	3.377729	5.53	73.7	R_45
R_45_R_2.bin.06	99.96	0.51	100	3.460235	79.915	70.6	R_45
R_45_R_2.bin.07	100	1.14	0	4.755791	78.765	35.3	R_45
R_45_R_2.bin.08	84.28	1.92	0	4.508186	4.788	55.9	R_45
R_45_R_2.bin.09	84.21	3.25	0	8.197083	13.193	71.7	R_45
R_45_R_2.bin.10	88.84	1.93	0	3.653011	41.245	72.2	R_45
R_45_R_2.bin.11	77.32	0.81	0	3.54123	29.047	64.6	R_45
R_45_R_2.bin.12	99.18	0.52	100	3.767651	33.879	73.6	R_45
R_45_R_2.bin.13	82.38	6.13	55.56	7.529789	11.475	72.5	R_45
R_45_R_2.bin.14	91.81	1.36	0	4.2922	89.751	63.8	R_45
R_45_R_3.bin.01	100	0.14	0	6.360553	458.794	52.3	R_45
R_45_R_3.bin.02	61.03	2.42	12.5	3.353922	2.463	35.5	R_45
R_45_R_3.bin.03	88.17	4.38	52.94	9.796767	32.116	71.1	R_45
R_45_R_3.bin.04	83.68	1.39	87.5	6.695802	18.728	72.7	R_45
R_45_R_3.bin.05	99.94	3.61	0	6.561813	128.653	53.2	R_45
R_45_R_3.bin.06	100	0.73	0	4.896562	68.044	35.3	R_45
R_45_R_3.bin.07	96.14	0.51	0	3.252419	15.474	70.7	R_45
R_45_R_3.bin.08	82.83	1.45	0	7.395433	35.3	72.5	R_45
R_45_R_3.bin.09	80.68	2.91	100	3.052454	14.91	73.9	R_45
R_45_T_1.bin.01	100	1.08	0	4.426993	296.57	44.4	R_45
R_45_T_1.bin.02	84.11	4.02	14.29	3.221642	13.107	39	R_45
R_45_T_1.bin.03	77.29	9.08	83.33	2.905072	6.98	74.4	R_45
R_45_T_1.bin.04	80.69	0.22	0	2.708816	39.011	43.7	R_45
R_45_T_1.bin.05	99.91	0.69	100	3.198869	65.537	70.7	R_45
R_45_T_1.bin.06	61.82	0	0	2.88846	235.705	37.4	R_45
R_45_T_1.bin.07	93.34	0.01	0	3.39671	37.636	35.4	R_45
R_45_T_1.bin.08	99.96	0.98	0	3.304281	241.574	44	R_45
R_45_T_1.bin.09	58.48	3.65	100	4.680705	13.729	72.9	R_45
R_45_T_1.bin.10	78.11	0.22	0	2.761869	6.87	69.6	R_45
R_45_T_1.bin.11	99.96	1.38	33.33	4.405371	115.782	38.4	R_45
R_45_T_1.bin.12	100	0.98	0	4.023297	125.921	37.6	R_45
R_45_T_1.bin.13	99.98	1.35	0	4.427568	112.237	40.6	R_45
R_45_T_2.bin.01	100	0.64	0	5.046284	160.384	35.7	R_45
R_45_T_2.bin.02	88.93	0.26	50	3.626815	29.149	72.3	R_45
R_45_T_2.bin.03	90.6	1.67	100	3.308926	17.758	73.9	R_45
R_45_T_2.bin.04	76.15	0.18	0	3.411663	11.151	72.3	R_45
R_45_T_2.bin.05	83.17	0.03	0	2.869709	70.127	43.2	R_45
R_45_T_2.bin.06	82.57	2.54	40	7.216901	15.299	72.6	R_45
R_45_T_2.bin.07	86.31	2.38	14.29	3.420913	10.595	70.1	R_45
R_45_T_2.bin.08	94.54	1.14	0	3.098051	42.427	70.8	R_45
R_45_T_2.bin.09	81.19	2.68	0	4.034659	10.175	37.7	R_45
R_45_T_2.bin.10	99.83	0.29	0	3.740778	162.427	35.2	R_45
R_45_T_2.bin.11	99.99	0	100	4.064684	70.605	46.2	R_45
R_45_T_2.bin.12	86.51	1.66	25	5.784931	8.555	50	R_45
R_45_T_2.bin.13	93.96	6.94	0	5.282427	61.53	34.4	R_45
R_45_T_2.bin.14	94.2	2.01	0	4.188265	143.956	38.5	R_45
R_45_T_2.bin.15	90.96	1.47	0	3.112492	87.023	69.4	R_45
R_45_T_2.bin.16	99.55	0.83	0	3.184599	149.905	39	R_45
R_45_T_3.bin.01	99.18	1.29	0	3.403276	100.673	70.5	R_45
R_45_T_3.bin.02	100	0.06	0	2.937341	298.74	70.5	R_45
R_45_T_3.bin.03	65.3	9.04	0	3.398123	3.289	44.9	R_45
R_45_T_3.bin.04	92.88	8.24	0	5.791793	12.222	35.7	R_45
R_45_T_3.bin.05	86.09	0	0	3.76373	84.711	72	R_45
R_45_T_3.bin.07	92.52	1.63	0	3.94176	13.541	46.1	R_45
R_45_T_3.bin.08	82.69	0.51	0	5.527854	16.962	74.1	R_45
R_45_T_3.bin.09	88.84	0.96	5.88	4.605209	150.51	35.6	R_45
R_45_T_3.bin.10	99.46	1.69	0	4.920974	72.632	55.8	R_45
R_45_T_3.bin.11	100	0.1	0	3.901803	713.261	70.6	R_45
R_45_T_3.bin.12	77.04	3.6	40	8.100391	9.365	71.5	R_45
R_45_T_3.bin.13	83.9	6	0	4.600822	7.887	69.9	R_45
R_45_T_3.bin.14	90.76	1.01	0	3.69042	37.704	72.2	R_45
R_45_T_3.bin.15	81.96	0.05	44.44	7.123578	16.696	73.6	R_45
R_45_T_3.bin.16	93.52	0.48	8.7	4.172226	91.167	43.4	R_45
R_45_T_3.bin.17	98.17	3.99	100	5.16115	70.199	61.6	R_45
R_45_T_3.bin.18	94.69	5.27	42.86	5.515164	88.127	63.3	R_45
R_45_T_3.bin.19	91.1	2.24	0	3.743276	68.546	70	R_45
R_45_T_3.bin.20	96.6	1.74	11.11	6.333912	19.958	74.9	R_45
R_45_T_3.bin.21	99.81	0.25	100	5.286832	92.411	55.9	R_45
R_45_T_3.bin.22	99.98	1.5	50	6.248947	58.935	52.6	R_45
R_45_T_3.bin.23	79.19	1.43	100	7.129705	11.601	72.6	R_45
R_45_T_3.bin.25	99.98	1.95	50	5.875825	160.307	47.5	R_45
R_45_T_3.bin.26	91.4	1.55	50	3.622316	23.928	43.8	R_45
RS.bin.01	75.9	3.56	0	2.049034	16.186	41	ORS
RS.bin.02	65.3	3.88	50	3.19861	6.477	72.1	ORS
RS.bin.03	52.17	4.27	0	1.140782	6.742	71.9	ORS
RS.bin.04	57.13	8.09	20	2.756123	2.717	41.9	ORS
RS.bin.06	61.22	7.05	0	1.87622	9.708	39.9	ORS
RS.bin.07	68.32	1.24	42.86	1.653125	9.613	55.9	ORS
RS.bin.08	77.82	1.9	0	2.388779	9.815	72.7	ORS
RS.bin.09	83.78	2.13	71.43	2.527888	26.434	64.2	ORS
RS.bin.11	68.77	0.61	0	1.754875	10.912	64.5	ORS
RS.bin.12	58.35	4.21	22.73	2.212311	3.269	66.7	ORS
RS.bin.13	58.96	6.35	0	3.730548	3.281	55.3	ORS
RS.bin.14	97.01	1.69	0	2.930786	29.979	28.4	ORS
RS.bin.15	86.94	4.13	0	2.988228	6.191	55.7	ORS
RS.bin.16	53.09	5.35	15.38	1.334829	8.266	72	ORS
RS.bin.17	57.44	1.47	20	1.823951	7.422	63.8	ORS
RS.bin.18	98.27	0.29	0	2.398044	98.003	33.3	ORS
RS.bin.19	54.95	1.66	0	2.078624	3.894	62	ORS
RS.bin.20	70.42	0.83	0	1.147112	30.952	42	ORS
RS.bin.21	85.71	3.15	14.29	3.891836	5.586	62.7	ORS
RS.bin.22	96.85	2.39	0	2.402271	44.86	35.8	ORS
